================================================================================
[사이클 #256] A(γ) vs 영점 간격 상관 분석
생성: 2026-04-24 06:11:47
소요: 686.3초  dps=60  N=200
================================================================================

설정:
  N_ZEROS=200, contour_radius=0.01, N_pts=128
  t 범위: [14.13, 396.38]
  유효: 200/200

================================================================================
Laurent 계수 및 A(γ) 전수
================================================================================

     #          t       Re(c₀)       Im(c₀)       Re(c₁)       Im(c₁)       A(γ)  gap_right
  ----------------------------------------------------------------------------------------
     1    14.1347    -0.000000     0.579631     0.067683     0.000000   0.471337     6.8873
     2    21.0220     0.000000     0.754995     0.138883    -0.000000   0.847785     3.9888
     3    25.0109     0.000000     0.585833     0.164969    -0.000000   0.673139     5.4140
     4    30.4249    -0.000000     0.955421     0.277906     0.000000   1.468643     2.5102
     5    32.9351    -0.000000     0.465445     0.295098     0.000000   0.806836     4.6511
     6    37.5862    -0.000000     0.838667     0.251166     0.000000   1.205695     3.3325
     7    40.9187    -0.000000     0.857461     0.372571    -0.000000   1.480382     2.4084
     8    43.3271     0.000000     0.449345     0.347900     0.000000   0.897712     4.6781
     9    48.0052     0.000000     1.198484     0.510599    -0.000000   2.457563     1.7687
    10    49.7738     0.000000     0.425254     0.551535     0.000000   1.283912     3.1965
    11    52.9703     0.000000     0.653420     0.338787     0.000000   1.104532     3.4759
    12    56.4462    -0.000000     0.885308     0.373779    -0.000000   1.531327     2.9008
    13    59.3470     0.000000     1.125940     0.729727    -0.000000   2.727193     1.4847
    14    60.8318    -0.000000     0.144646     0.690138    -0.000000   1.401198     4.2808
    15    65.1125     0.000000     1.139443     0.506628    -0.000000   2.311586     1.9673
    16    67.0798    -0.000000     0.660257     0.601201     0.000000   1.638340     2.4666
    17    69.5464     0.000000     0.664774     0.514689     0.000000   1.471303     2.5208
    18    72.0672    -0.000000     0.585793     0.435838     0.000000   1.214828     3.6375
    19    75.7047    -0.000000     1.368306     0.784137    -0.000000   3.440534     1.4401
    20    77.1448     0.000000     0.456741     0.885039     0.000000   1.978690     2.1925
    21    79.3374    -0.000000     0.418531     0.524509    -0.000000   1.224186     3.5730
    22    82.9104    -0.000000     1.143507     0.600462     0.000000   2.508533     1.8251
    23    84.7355     0.000000     0.617914     0.666217    -0.000000   1.714251     2.6898
    24    87.4253    -0.000000     1.121139     0.885152    -0.000000   3.027256     1.3838
    25    88.8091    -0.000000     0.124614     0.834455     0.000000   1.684439     3.6828
    26    92.4919     0.000000     1.124158     0.561192     0.000000   2.386115     2.1594
    27    94.6513    -0.000000     1.229251     1.121584    -0.000000   3.754226     1.2193
    28    95.8706    -0.000000     0.069956     1.053571    -0.000000   2.112035     2.9606
    29    98.8312    -0.000000     0.785124     0.531850    -0.000000   1.680119     2.4867
    30   101.3179     0.000000     0.858673     0.588894     0.000000   1.915108     2.4077
    31   103.7255    -0.000000     1.057131     0.787669     0.000000   2.692865     1.7211
    32   105.4466     0.000000     0.684635     0.926781    -0.000000   2.322288     1.7220
    33   107.1686    -0.000000     0.254357     0.698994    -0.000000   1.462685     3.8609
    34   111.0295     0.000000     1.976582     1.767685    -0.000000   7.442247     0.8451
    35   111.8747    -0.000000    -0.059501     1.830399     0.000000   3.664338     2.4456
    36   114.3202    -0.000000     0.791688     0.746768     0.000000   2.120307     1.9065
    37   116.2267     0.000000     0.521970     0.699815    -0.000000   1.672083     2.5641
    38   118.7908    -0.000000     0.808845     0.590439     0.000000   1.835108     2.5793
    39   121.3701    -0.000000     1.244844     0.883542    -0.000000   3.316720     1.5767
    40   122.9468    -0.000000     0.874599     1.263874    -0.000000   3.292671     1.3100
    41   124.2568    -0.000000     0.013662     1.015370    -0.000000   2.030928     3.2599
    42   127.5167    -0.000000     1.061647     0.642688    -0.000000   2.412471     2.0620
    43   129.5787     0.000000     1.080431     0.966464     0.000000   3.100261     1.5090
    44   131.0877     0.000000     0.471482     0.939739     0.000000   2.101774     2.4100
    45   133.4977    -0.000000     1.130293     1.103685    -0.000000   3.484933     1.2588
    46   134.7565    -0.000000     0.070443     1.033768    -0.000000   2.072499     3.3595
    47   138.1160    -0.000000     1.335897     0.825275     0.000000   3.435171     1.6202
    48   139.7362    -0.000000     0.997366     1.218564     0.000000   3.431867     1.3875
    49   141.1237    -0.000000     0.363278     1.114676     0.000000   2.361324     1.9881
    50   143.1118     0.000000     0.447682     0.716264    -0.000000   1.632948     2.8891
    51   146.0010    -0.000000     1.272120     0.929792     0.000000   3.477873     1.4218
    52   147.4228    -0.000000     0.485163     0.974570     0.000000   2.184523     2.6308
    53   150.0535    -0.000000     1.725430     1.828398    -0.000000   6.633905     0.8717
    54   150.9253    -0.000000    -0.117546     1.871069     0.000000   3.755956     2.0994
    55   153.0247    -0.000000     0.421708     0.702942    -0.000000   1.583722     3.0882
    56   156.1129     0.000000     1.422816     0.945469     0.000000   3.915342     1.4847
    57   157.5976    -0.000000     1.003673     1.423114     0.000000   3.853588     1.2524
    58   158.8500     0.000000     0.180592     1.212560    -0.000000   2.457734     2.3390
    59   161.1890     0.000000     0.806107     0.825123    -0.000000   2.300054     1.8417
    60   163.0307     0.000000     0.584951     0.788862     0.000000   1.919890     2.5064
    61   165.5371     0.000000     1.152123     0.887590    -0.000000   3.102567     1.6474
    62   167.1844    -0.000000     0.829620     1.042792    -0.000000   2.773852     1.9101
    63   169.0945    -0.000000     1.458853     2.117955    -0.000000   6.364162     0.8175
    64   169.9120    -0.000000    -0.545582     1.989155    -0.000000   4.275969     3.4996
    65   173.4115    -0.000000     1.471977     1.028159     0.000000   4.223033     1.3427
    66   174.7542     0.000000     0.709961     1.252773     0.000000   3.009590     1.6872
    67   176.4414     0.000000     0.643292     1.022839     0.000000   2.459503     1.9360
    68   178.3774     0.000000     0.855165     1.058287     0.000000   2.847882     1.5391
    69   179.9165    -0.000000     0.392802     0.971632     0.000000   2.097557     2.2906
    70   182.2071     0.000000     0.768294     0.720229     0.000000   2.030734     2.6674
    71   184.8745    -0.000000     2.194325     2.504487     0.000000   9.824038     0.7243
    72   185.5988    -0.000000    -0.093926     2.659070    -0.000000   5.326961     1.6301
    73   187.2289     0.000000     0.292969     1.042525    -0.000000   2.170880     2.1872
    74   189.4162     0.000000     0.638858     0.744239     0.000000   1.896618     2.6105
    75   192.0267     0.000000     1.586988     1.431169     0.000000   5.380868     1.0531
    76   193.0797     0.000000     0.255453     1.492166    -0.000000   3.049589     2.1857
    77   195.2654    -0.000000     1.021086     1.047671    -0.000000   3.137959     1.6111
    78   196.8765     0.000000     0.969746     1.522108    -0.000000   3.984625     1.1388
    79   198.0153    -0.000000    -0.107335     1.294249    -0.000000   2.600019     3.2494
    80   201.2648     0.000000     1.583662     1.186194    -0.000000   4.880373     1.2288
    81   202.4936    -0.000000     0.690409     1.418272    -0.000000   3.313207     1.6961
    82   204.1897     0.000000     0.959033     1.459568     0.000000   3.838879     1.2050
    83   205.3947    -0.000000     0.064341     1.279705    -0.000000   2.563551     2.5116
    84   207.9063    -0.000000     0.992566     0.909098    -0.000000   2.803383     1.6703
    85   209.5765     0.000000     0.686462     0.965145    -0.000000   2.401521     2.1144
    86   211.6909     0.000000     1.095628     1.031234     0.000000   3.262869     1.6571
    87   213.3479    -0.000000     1.125418     1.496201     0.000000   4.258967     1.1991
    88   214.5470    -0.000000     0.332381     1.496189    -0.000000   3.102855     1.6225
    89   216.1695    -0.000000     0.239012     0.939865    -0.000000   1.936857     2.8981
    90   219.0676    -0.000000     1.376814     0.975243     0.000000   3.846101     1.6473
    91   220.7149     0.000000     1.790986     2.725198     0.000000   8.658025     0.7158
    92   221.4307    -0.000000    -0.508328     2.606149    -0.000000   5.470697     2.5763
    93   224.0070    -0.000000     1.437835     1.634841    -0.000000   5.337053     0.9763
    94   224.9833     0.000000    -0.061997     1.621627    -0.000000   3.247098     2.4381
    95   227.4214     0.000000     0.925381     0.862001     0.000000   2.580331     1.9160
    96   229.3374     0.000000     1.012550     1.011295     0.000000   3.047846     1.9128
    97   231.2502     0.000000     1.871386     2.600068    -0.000000   8.702223     0.7370
    98   231.9872    -0.000000    -0.289004     2.638942     0.000000   5.361408     1.7062
    99   233.6934    -0.000000     0.218757     0.968076    -0.000000   1.984006     2.8308
   100   236.5242    -0.000000     1.466266     1.205291     0.000000   4.560519     1.2456
   101   237.7698     0.000000     0.616406     1.376069    -0.000000   3.132094     1.7857
   102   239.5555     0.000000     0.919749     1.228532    -0.000000   3.303002     1.4937
   103   241.0492    -0.000000     0.630023     1.232889     0.000000   2.862706     1.7741
   104   242.8233    -0.000000     0.919414     1.378958     0.000000   3.603237     1.2476
   105   244.0709     0.000000     0.074394     1.199429     0.000000   2.404393     3.0661
   106   247.1370    -0.000000     1.907939     1.693588     0.000000   7.027409     0.9650
   107   248.1020     0.000000     0.529694     1.983336     0.000000   4.247248     1.4717
   108   249.5737     0.000000     0.627874     1.452088    -0.000000   3.298401     1.4413
   109   251.0149     0.000000     0.312048     1.183512    -0.000000   2.464399     2.0550
   110   253.0700     0.000000     0.710835     0.886496     0.000000   2.278278     2.2363
   111   255.3063     0.000000     1.471337     1.497246    -0.000000   5.159325     1.0745
   112   256.3807    -0.000000     0.272623     1.521859     0.000000   3.118041     2.2297
   113   258.6104     0.000000     1.364658     1.394271     0.000000   4.650834     1.2640
   114   259.8744     0.000000     1.002635     2.213660    -0.000000   5.432596     0.9307
   115   260.8051    -0.000000    -0.400631     1.826574     0.000000   3.813653     2.7688
   116   263.5739     0.000000     1.061447     0.860858    -0.000000   2.848386     1.9840
   117   265.5579    -0.000000     1.590961     1.660639    -0.000000   5.852434     1.0571
   118   266.6150     0.000000     0.578170     1.950210    -0.000000   4.234701     1.3069
   119   267.9219     0.000000     0.232958     1.363593     0.000000   2.781455     2.0485
   120   269.9704     0.000000     0.888668     1.129055     0.000000   3.047839     1.5236
   121   271.4941     0.000000     0.546629     1.121249    -0.000000   2.541302     1.9656
   122   273.4596     0.000000     0.841772     0.960518     0.000000   2.629617     2.1279
   123   275.5875     0.000000     1.797635     2.067598    -0.000000   7.366687     0.8646
   124   276.4520    -0.000000     0.129494     2.162774    -0.000000   4.342316     1.7987
   125   278.2507    -0.000000     1.091720     1.840973    -0.000000   4.873797     0.9785
   126   279.2293     0.000000    -0.294922     1.650687     0.000000   3.388352     3.2359
   127   282.4651     0.000000     2.237720     2.430199    -0.000000   9.867787     0.7461
   128   283.2112    -0.000000     0.082349     2.618004    -0.000000   5.242790     1.6248
   129   284.8360    -0.000000     0.611957     1.243168    -0.000000   2.860828     1.8315
   130   286.6674     0.000000     1.071869     1.443433     0.000000   4.035769     1.2445
   131   287.9119     0.000000     0.393469     1.470527    -0.000000   3.095872     1.6679
   132   289.5799     0.000000     0.453356     1.033440    -0.000000   2.272411     2.2664
   133   291.8463    -0.000000     1.129520     1.024625    -0.000000   3.325065     1.7121
   134   293.5584     0.000000     1.276389     1.450333     0.000000   4.529835     1.4069
   135   294.9654     0.000000     1.782548     3.710904    -0.000000  10.599284     0.6079
   136   295.5733     0.000000    -0.980246     3.494032    -0.000000   7.948947     2.4060
   137   297.9793     0.000000     0.811423     0.957230    -0.000000   2.572868     1.8610
   138   299.8403     0.000000     0.943571     1.076818    -0.000000   3.043961     1.8090
   139   301.6493    -0.000000     1.371641     1.697408     0.000000   5.276213     1.0474
   140   302.6967     0.000000     0.223673     1.657971    -0.000000   3.365972     2.1676
   141   304.8644     0.000000     1.658697     2.119551    -0.000000   6.990376     0.8645
   142   305.7289     0.000000     0.045965     2.263424     0.000000   4.528962     1.4906
   143   307.2195     0.000000     0.129492     1.125302    -0.000000   2.267373     2.8900
   144   310.1095     0.000000     1.814916     1.582918    -0.000000   6.459756     1.0557
   145   311.1651     0.000000     0.794055     2.021505    -0.000000   4.673533     1.2627
   146   312.4278     0.000000     0.487831     1.623730     0.000000   3.485438     1.5575
   147   313.9853     0.000000     0.627181     1.381611    -0.000000   3.156579     1.4903
   148   315.4756     0.000000     0.383262     1.154948    -0.000000   2.456785     2.2592
   149   317.7348    -0.000000     1.368058     1.468451     0.000000   4.808484     1.1183
   150   318.8531    -0.000000     0.303390     1.481438    -0.000000   3.054921     2.3070
   151   321.1601     0.000000     1.705474     1.815532     0.000000   6.539707     0.9844
   152   322.1446    -0.000000     0.535546     2.136695     0.000000   4.560199     1.3224
   153   323.4670    -0.000000     0.449860     1.643442    -0.000000   3.489258     1.3959
   154   324.8629    -0.000000     0.136598     1.194312    -0.000000   2.407283     2.5810
   155   327.4439    -0.000000     1.317900     1.095033     0.000000   3.926926     1.5892
   156   329.0331     0.000000     1.555144     2.116155     0.000000   6.650782     0.9202
   157   329.9532     0.000000     0.205755     2.160314     0.000000   4.362963     1.5212
   158   331.4745     0.000000     0.424935     1.262111     0.000000   2.704792     2.1709
   159   333.6454    -0.000000     2.194251     3.827085    -0.000000  12.468908     0.5660
   160   334.2114    -0.000000    -0.956981     3.785239    -0.000000   8.486290     2.6305
   161   336.8419     0.000000     1.228667     1.125401    -0.000000   3.760425     1.4981
   162   338.3400     0.000000     1.007180     1.416835    -0.000000   3.848080     1.5182
   163   339.8582    -0.000000     1.155859     1.767751     0.000000   4.871512     1.1840
   164   341.0423    -0.000000     0.755969     2.221131     0.000000   5.013752     1.0126
   165   342.0549     0.000000    -0.298084     1.728394    -0.000000   3.545642     2.6068
   166   344.6617     0.000000     1.174231     1.048572    -0.000000   3.475963     1.6862
   167   346.3479     0.000000     1.524015     2.023197    -0.000000   6.369015     0.9248
   168   347.2727    -0.000000     0.091849     1.972906    -0.000000   3.954249     2.0436
   169   349.3163     0.000000     1.340875     1.670434    -0.000000   5.138813     1.0922
   170   350.4084     0.000000     0.435187     1.834080     0.000000   3.857547     1.4702
   171   351.8786     0.000000     0.475424     1.384763    -0.000000   2.995555     1.6103
   172   353.4889    -0.000000     0.430988     1.065564     0.000000   2.316880     2.5287
   173   356.0176    -0.000000     1.794376     1.604912    -0.000000   6.429607     1.1337
   174   357.1513     0.000000     1.369233     2.884925    -0.000000   7.644650     0.8014
   175   357.9527     0.000000    -0.267992     2.543025    -0.000000   5.157870     1.7911
   176   359.7438     0.000000     0.651916     1.301081     0.000000   3.027156     1.5456
   177   361.2894    -0.000000     0.506274     1.174858     0.000000   2.606031     2.0420
   178   363.3313     0.000000     1.161389     1.272591     0.000000   3.894006     1.4047
   179   364.7360    -0.000000     0.838802     1.481653     0.000000   3.666894     1.4767
   180   366.2127     0.000000     0.737934     1.365601     0.000000   3.275748     1.7809
   181   367.9936     0.000000     1.483413     2.019552    -0.000000   6.239620     0.9749
   182   368.9684     0.000000     0.459057     2.434749    -0.000000   5.080232     1.0825
   183   370.0509    -0.000000    -0.292023     1.616380     0.000000   3.318037     3.0110
   184   373.0619    -0.000000     2.094242     2.230769    -0.000000   8.847389     0.8029
   185   373.8649    -0.000000     0.191892     2.378629     0.000000   4.794080     1.9610
   186   375.8259     0.000000     2.468337     4.898483     0.000000  15.889651     0.4982
   187   376.3241     0.000000    -1.127917     4.863653     0.000000  10.999502     2.1126
   188   378.4367    -0.000000     0.907670     1.296767     0.000000   3.417399     1.4363
   189   379.8730    -0.000000     0.626077     1.375881     0.000000   3.143734     1.6115
   190   381.4845    -0.000000     0.645785     1.177827    -0.000000   2.772692     1.9591
   191   383.4435     0.000000     1.223721     1.300484    -0.000000   4.098461     1.5126
   192   384.9561    -0.000000     1.510468     2.277559     0.000000   6.836633     0.9052
   193   385.8613     0.000000     0.227592     2.370669    -0.000000   4.793136     1.3616
   194   387.2229     0.000000     0.299989     1.525213    -0.000000   3.140419     1.6232
   195   388.8461    -0.000000     0.378650     1.087434     0.000000   2.318243     2.6100
   196   391.4561     0.000000     2.192556     2.417792     0.000000   9.642887     0.7890
   197   392.2451     0.000000     0.414478     2.843672     0.000000   5.859136     1.1827
   198   393.4277     0.000000     0.158640     1.639702    -0.000000   3.304571     2.1551
   199   395.5829     0.000000     1.764728     2.405346     0.000000   7.924956     0.7990
   200   396.3819     0.000000    -0.047840     2.530759    -0.000000   5.063806        nan

  [Thm 5] max|Re(c₀)|/|Im(c₀)| = 1.39e-43
  [Thm 5] max|Im(c₁)|/|Re(c₁)| = 2.56e-42

================================================================================
A(γ) 기초 통계
================================================================================

  n=200, mean=3.823272, std=2.242258
  min=0.471337, max=15.889651
  CV = 58.65%
  Q1=2.4037, Med=3.2955, Q3=4.6565

================================================================================
Spearman 상관 분석
================================================================================

  변수쌍                                   ρ           p값           판정
  ----------------------------------------------------------------------
  A, gap_left                     -0.1825    1.006e-02       p<0.05
  A, gap_right                    -0.8123    8.802e-48   유의(p<0.01)
  A, gap_sum                      -0.7142    3.389e-32   유의(p<0.01)
  A, gap_min                      -0.8532    2.623e-57   유의(p<0.01)
  A, gap_left_GUE                 +0.0890    2.124e-01          비유의
  A, gap_right_GUE                -0.5898    6.129e-20   유의(p<0.01)
  A, gap_sum_GUE                  -0.4040    3.581e-09   유의(p<0.01)
  A, gap_min_GUE                  -0.6209    1.703e-22   유의(p<0.01)

  성공 기준: |ρ| > 0.3 (p<0.01) → 양성 / |ρ| < 0.1 → 음성(독립)

================================================================================
인접 영점 쌍 A 상관
================================================================================

  ρ(A_n, A_{n+1}) = +0.400891  (p=4.421e-09, n=199쌍)
  ρ(A_n, A_{n+2}) = +0.210455  (p=2.920e-03, n=198쌍)
  → '짝 패턴' 확인: 비국소 상관의 미시적 메커니즘

================================================================================
A vs t 회귀
================================================================================

  선형:   A = 1.348318 + 0.01079208·t,  R²=0.2539, p=2.840e-14
  로그:   A = -5.394846 + 1.746604·log(t),  R²=0.2513, p=4.011e-14
  제곱근: A = -0.496641 + 0.295091·√t,  R²=0.2602, p=1.209e-14

  최적 모델: 제곱근 (R²=0.2602)

================================================================================
B-42 연결: κ_mid vs (A₁+A₂)/2
================================================================================

  n=199쌍
  ρ(κ_mid, (A₁+A₂)/2) = +0.355796  (p=2.506e-07)
  ρ(κ_mid, gap)        = -0.030375  (p=6.702e-01)
  κ_mid: mean=0.6502, std=0.3731
  (A₁+A₂)/2: mean=3.8286, std=1.8359
  → B-42 메커니즘 후보: κ_mid ↔ A 평균 상관 발견

================================================================================
종합 판정
================================================================================

  최강 원시 상관: A, gap_min — ρ=-0.8532 (p=2.623e-57)
  최강 GUE 상관:  A, gap_min_GUE — ρ=-0.6209 (p=1.703e-22)
  인접 쌍:        ρ(A_n,A_{n+1}) = +0.4009 (p=4.421e-09)
  B-42:           ρ(κ_mid,(A₁+A₂)/2) = +0.3558
  A 성장률:       R²_log=0.251, b=1.7466 (A ~ log(t))

  판정: 양성
