# C-279 GL(2) A_bare gap_min Spearman ρ_S 통합 측정
# T=[2.0,100.0], CENTER=1.0, mu=[0,1]
# curves: ['gl2_11a1', 'gl2_37a1']

## L(s, 11a1) (N=11, d=2, ε=+1)
n_zeros=94, n_inner=90

### 핵심 결과
rho_S(A_bare, gap_min_GUE)  = -0.328707  p=1.5605e-03
rho_S(A_bare, gap_right_GUE)= -0.131481  p=2.1673e-01
rho_S(A_L,    gap_min_GUE)  = -0.422579  p=3.3393e-05
rho_S(A_L,    gap_right_GUE)= -0.297740  p=4.3709e-03

### 보조 통계
2H1/A_bare = 0.751538
2H1/A_L    = 0.651668
mean_A_bare = 14.9929
mean_A_L    = 17.5655
mean_Bsmooth = 1.559256
mean_gap_min = 0.803785
GUE_ref_rho_S = -0.857
arithmetic_damping = 0.5283

### 개별 데이터
t,A_bare,A_L,gap_min_gue,gap_right_gue,sm_im
10.035509,9.950464,20.514167,0.994304,0.994304,1.520973
11.451259,6.910170,15.871915,0.801414,1.198586,1.527133
13.568639,8.012359,18.090494,0.948899,1.051101,1.533947
15.914073,15.379304,28.475138,0.646203,0.646203,1.539378
17.033610,14.075713,25.577777,0.895571,0.895571,1.541443
17.941434,8.867721,17.145669,0.843657,1.156343,1.542928
19.185725,8.192435,16.794482,0.979180,0.979180,1.544735
20.379260,6.002120,13.357568,0.799216,1.200784,1.546262
22.172490,9.639463,19.707709,0.772666,0.772666,1.548246
23.301416,6.583372,14.383319,0.743355,1.256645,1.549338
25.209868,19.378864,32.755434,0.517699,0.517699,1.550963
25.876403,9.577170,16.344586,0.717565,1.282435,1.551474
27.067635,8.567024,16.943467,0.925859,1.074141,1.552324
28.449650,72.309079,92.444853,0.289877,0.289877,1.553221
28.683910,45.769338,40.584775,0.307184,1.692816,1.553365
29.974860,4.866336,9.958781,0.866507,1.133493,1.554116
31.663576,6.808622,14.928595,0.913304,0.913304,1.555005
33.082843,10.099276,19.688017,0.841072,0.841072,1.555683
34.112852,9.583888,18.046020,0.956527,1.043473,1.556139
35.236488,21.759423,33.680906,0.604202,0.604202,1.556606
35.722878,12.261135,14.225265,0.540458,1.459542,1.556800
37.036405,11.415119,19.952834,0.711647,0.711647,1.557296
37.761957,8.093245,12.148130,0.807478,1.192522,1.557555
38.833486,5.848488,10.650391,0.898670,1.101330,1.557921
40.146656,8.158247,15.427605,0.808542,0.808542,1.558342
41.037794,5.923819,10.263949,0.753581,1.246419,1.558612
42.511733,9.120004,17.440219,0.767251,0.767251,1.559035
43.429099,7.522377,13.645813,0.821011,1.178989,1.559283
44.746455,29.873554,43.698099,0.476707,0.476707,1.559622
45.158714,18.355236,20.515017,0.708467,1.291533,1.559724
45.910262,9.935926,12.891906,0.940090,1.059910,1.559906
46.757599,7.171893,9.327313,0.821944,1.178056,1.560103
47.972051,7.547990,12.927417,0.815122,0.815122,1.560374
48.807518,6.178922,8.421746,0.735482,1.264518,1.560552
50.243942,6.390982,12.499328,0.879478,0.879478,1.560845
51.371366,9.213289,16.395405,0.879540,0.879540,1.561063
52.256372,12.066407,18.983699,0.852121,0.852121,1.561228
52.913352,9.465291,11.701248,0.750388,1.249612,1.561347
54.007412,9.838139,15.923276,0.817023,0.817023,1.561538
54.763026,9.852825,13.566818,0.966494,1.033506,1.561666
55.571030,8.755713,11.467210,0.941318,1.058682,1.561799
56.479777,8.351157,11.539309,0.967721,0.967721,1.561944
57.331691,8.289407,10.569981,0.999967,1.000033,1.562075
58.183662,6.943532,7.449018,0.764528,1.235472,1.562203
59.560440,5.929951,10.461719,0.866304,0.866304,1.562401
60.612493,7.219854,12.034508,0.975372,0.975372,1.562547
61.613971,10.679576,16.951109,0.839705,0.839705,1.562681
62.338740,11.791193,15.916255,0.974088,0.974088,1.562776
63.026898,10.780215,12.365203,0.882853,1.117147,1.562863
63.897679,10.390577,13.620371,0.920806,0.920806,1.562971
64.640661,14.116168,17.065292,0.833788,0.833788,1.563061
65.171858,16.555164,12.341443,0.604370,1.395630,1.563124
66.398518,5.863564,6.856287,0.977391,1.022609,1.563266
67.681927,10.760648,16.491719,0.638211,0.638211,1.563409
68.283404,11.275765,10.563082,0.741635,1.258365,1.563474
69.303957,6.923900,8.414254,0.971646,1.028354,1.563582
70.384073,8.399762,12.275025,0.847450,0.847450,1.563692
71.178263,9.818118,12.273539,0.984844,1.015156,1.563772
71.996896,13.416560,17.021405,0.803861,0.803861,1.563852
72.547055,15.201788,12.462695,0.698302,1.301698,1.563904
73.572602,9.518028,11.698452,0.902311,0.902311,1.564000
74.415610,70.763118,83.709943,0.374171,0.374171,1.564077
74.609621,99.417054,81.912435,0.264737,1.735263,1.564095
75.881301,7.546356,6.159874,0.989287,0.989287,1.564207
77.126022,10.752527,14.301767,0.613733,0.613733,1.564313
77.677089,15.350088,10.823829,0.512421,1.487579,1.564359
79.276860,14.762061,21.984992,0.495897,0.495897,1.564489
79.804299,17.704230,18.772419,0.971410,1.028590,1.564531
80.362783,17.919293,15.236549,0.895078,1.104922,1.564575
81.052199,14.861311,11.282733,0.867459,1.132541,1.564627
81.952290,11.686396,10.731411,0.872911,0.872911,1.564695
82.649395,14.164628,10.483450,0.865880,1.134120,1.564747
83.562455,12.051058,10.794962,0.836742,0.836742,1.564813
84.219228,16.358678,11.066411,0.816916,1.183084,1.564859
85.170388,11.298513,7.506154,0.940603,1.059397,1.564926
86.241674,9.810259,8.656734,0.818481,0.818481,1.564999
86.983793,13.295203,9.014840,0.836371,1.163629,1.565048
88.016290,10.061101,8.452218,0.878181,0.878181,1.565116
88.824549,12.359774,9.705084,0.996285,0.996285,1.565167
89.626825,13.170188,10.144343,0.986331,1.013669,1.565218
90.451338,15.201806,13.950594,0.802954,0.802954,1.565268
91.004404,22.718997,16.194749,0.821486,1.178514,1.565302
91.797840,23.814912,22.362324,0.633445,0.633445,1.565350
92.165624,50.975000,36.295824,0.527432,1.472568,1.565371
93.192461,19.072019,11.002895,0.951224,0.951224,1.565431
94.123787,18.592976,10.545663,0.986144,1.013856,1.565484
95.081284,18.306309,10.079532,0.936535,1.063465,1.565538
96.168552,15.513407,9.280489,0.849792,0.849792,1.565597
96.971844,20.976607,13.659921,0.869844,0.869844,1.565640
97.590111,33.310747,21.048487,0.876640,1.123360,1.565673

## L(s, 37a1) (N=37, d=2, ε=-1)
n_zeros=114, n_inner=110

### 핵심 결과
rho_S(A_bare, gap_min_GUE)  = -0.507265  p=1.5546e-08
rho_S(A_bare, gap_right_GUE)= -0.037648  p=6.9618e-01
rho_S(A_L,    gap_min_GUE)  = -0.525406  p=3.7855e-09
rho_S(A_L,    gap_right_GUE)= -0.170381  p=7.5143e-02

### 보조 통계
2H1/A_bare = 0.740057
2H1/A_L    = 0.675046
mean_A_bare = 25.3944
mean_A_L    = 27.9416
mean_Bsmooth = 1.558516
mean_gap_min = 0.749320
GUE_ref_rho_S = -0.857
arithmetic_damping = 0.3497

### 개별 데이터
t,A_bare,A_L,gap_min_gue,gap_right_gue,sm_im
8.014331,12.923572,24.669388,0.747012,1.252988,1.508408
9.933098,23.687111,39.184792,0.609995,0.609995,1.520460
10.775138,15.287118,26.772339,0.923175,1.076825,1.524393
11.757325,10.876229,20.637474,0.899748,1.100252,1.528270
12.958386,7.844114,16.787632,0.624490,1.375510,1.532211
15.603858,35.098087,53.398887,0.363777,0.363777,1.538753
16.192017,17.211876,27.895959,0.764919,1.235081,1.539917
17.141694,15.871803,27.277125,0.985192,0.985192,1.541628
18.063654,17.116062,28.463077,0.879417,0.879417,1.543116
18.787196,10.764508,18.199290,0.826353,1.173647,1.544182
19.814822,7.828687,15.375156,0.810557,1.189443,1.545563
21.322800,11.347284,21.995798,0.925026,0.925026,1.547347
22.620430,19.813910,33.044121,0.705935,0.705935,1.548692
23.328311,13.224058,21.992245,0.914101,1.085899,1.549363
24.169232,8.309662,15.099185,0.722175,1.277825,1.550109
25.657166,13.357271,24.663828,0.875008,0.875008,1.551309
26.814468,28.457472,43.478431,0.623820,0.623820,1.552150
27.339072,15.739958,23.025786,0.762659,1.237341,1.552507
28.190190,14.686447,23.812459,0.993110,0.993110,1.553060
29.029662,56.973803,73.143896,0.461771,0.461771,1.553573
29.281668,44.339721,37.885258,0.270089,1.729911,1.553721
30.895760,8.075332,16.054073,0.830695,0.830695,1.554613
32.042440,8.359429,16.494610,0.901163,1.098837,1.555192
33.440650,17.527252,30.007760,0.795115,0.795115,1.555844
34.363342,63.385453,82.852236,0.456355,0.456355,1.556246
34.636121,34.859417,34.320143,0.496644,1.503356,1.556361
35.461833,13.225185,19.795846,0.918907,0.918907,1.556697
36.163671,10.294204,14.497234,0.865159,1.134841,1.556970
37.084283,7.434584,12.259911,0.798974,1.201026,1.557314
38.468156,22.893304,35.582188,0.556807,0.556807,1.557799
39.002076,17.171136,23.332807,0.940177,1.059823,1.557976
39.603942,11.294478,13.519028,0.731095,1.268905,1.558171
40.648553,8.133312,13.738484,0.980136,0.980136,1.558496
41.652473,8.893787,15.356212,0.957894,0.957894,1.558792
42.575265,7.658491,13.329268,0.774945,1.225055,1.559052
44.034040,99.644009,123.096804,0.243025,0.243025,1.559441
44.235818,61.669825,55.879038,0.296881,1.703119,1.559493
45.393360,120.131872,143.650503,0.258344,0.258344,1.559781
45.565061,93.221677,82.173967,0.272537,1.727463,1.559823
46.653375,41.197319,54.448049,0.436708,0.436708,1.560079
46.957398,34.511489,31.065565,0.660109,1.339891,1.560148
47.574503,14.288160,11.098832,0.517647,1.482353,1.560286
49.341671,9.801315,17.841705,0.663560,0.663560,1.560663
50.219093,11.839775,19.248234,0.943493,0.943493,1.560840
51.002659,13.143833,19.976763,0.955312,0.955312,1.560993
51.719189,13.652500,19.465375,0.982369,0.982369,1.561129
52.410890,14.817358,19.914862,0.921018,0.921018,1.561256
53.001325,12.266348,12.893726,0.725218,1.274782,1.561363
54.039187,9.594204,14.976512,0.949579,0.949579,1.561544
54.977414,37.266102,49.762424,0.501554,0.501554,1.561702
55.291453,31.467763,27.246675,0.490723,1.509277,1.561753
56.257319,11.392441,15.896948,0.840291,0.840291,1.561909
56.957157,11.881967,14.646449,0.960387,1.039613,1.562018
57.714727,12.091927,15.125475,0.948979,0.948979,1.562133
58.398745,12.279255,13.478652,0.990656,1.009344,1.562234
59.095666,10.449948,8.838112,0.614348,1.385652,1.562335
60.667561,10.767747,18.456674,0.662101,0.662101,1.562555
61.445461,12.359921,18.713281,0.956180,1.043820,1.562659
62.294661,39.116171,52.442356,0.577646,0.577646,1.562770
62.639538,35.082567,37.123361,0.927158,1.072842,1.562814
63.038606,28.784112,23.842171,0.641427,1.358573,1.562865
63.883850,17.686281,21.259774,0.705108,0.705108,1.562970
64.344110,21.741983,16.826102,0.615487,1.384513,1.563026
65.379447,10.182179,12.221032,0.799567,0.799567,1.563149
66.069050,10.990923,9.669359,0.751250,1.248750,1.563228
67.215327,8.898545,12.897809,0.862471,0.862471,1.563358
68.084431,31.807115,41.319428,0.533344,0.533344,1.563453
68.400477,35.650098,28.469794,0.438034,1.561966,1.563486
69.527451,11.250234,15.437187,0.743853,0.743853,1.563605
70.194812,14.202222,16.452390,0.964994,0.964994,1.563673
70.817029,15.104821,15.076248,0.984963,1.015037,1.563736
71.458245,13.738545,10.963321,0.681041,1.318959,1.563799
72.700076,15.244618,22.276238,0.635343,0.635343,1.563919
73.278235,21.973072,26.827534,0.899230,0.899230,1.563973
73.750539,27.792437,29.037056,0.921405,0.921405,1.564017
74.154012,31.925133,25.102660,0.723817,1.276183,1.564054
74.865386,17.326414,14.121978,0.961693,0.961693,1.564118
75.524268,17.376663,12.190141,0.836198,1.163802,1.564176
76.441287,10.969071,7.559239,0.821942,1.178058,1.564255
77.755613,8.661414,11.755194,0.741483,0.741483,1.564366
78.529978,12.977722,15.778470,0.890781,0.890781,1.564429
79.151848,15.439700,15.734114,0.988736,1.011264,1.564479
79.787887,15.052084,13.687227,0.870657,1.129343,1.564530
80.612903,18.405039,22.459669,0.782500,0.782500,1.564594
81.143150,70.638094,79.839582,0.537118,0.537118,1.564634
81.337837,112.221839,92.820540,0.380199,1.619801,1.564649
82.167284,18.397706,12.415867,0.945030,1.054970,1.564711
83.093224,12.781354,10.291377,0.906129,0.906129,1.564779
83.860243,14.281101,11.616430,0.964328,0.964328,1.564834
84.574426,15.296070,11.281807,0.890736,1.109264,1.564884
85.463821,13.105640,12.467839,0.900945,0.900945,1.564946
86.192899,56.427890,64.454545,0.450534,0.450534,1.564995
86.404892,98.464926,79.683198,0.378010,1.621990,1.565010
87.314521,18.032152,11.006433,0.877584,1.122416,1.565070
88.477922,10.505576,9.244210,0.810991,0.810991,1.565145
89.271448,14.106736,13.495487,0.903822,0.903822,1.565195
89.925727,22.157294,22.354384,0.783290,0.783290,1.565236
90.346936,33.383932,25.026042,0.733472,1.266528,1.565262
91.074264,22.475948,19.746544,0.788783,0.788783,1.565306
91.547923,33.876927,26.243954,0.990552,1.009448,1.565335
92.030618,40.874927,28.390470,0.743039,1.256961,1.565363
92.847168,24.788441,18.034676,0.755181,0.755181,1.565411
93.342537,42.554368,28.493500,0.670293,1.329707,1.565440
94.325233,22.894438,13.301672,0.991732,0.991732,1.565496
95.291813,19.613490,11.203541,0.925417,1.074583,1.565549
96.414195,19.886979,19.228340,0.526849,0.526849,1.565610
96.815597,41.621918,29.940056,0.704767,1.295233,1.565632
97.553299,32.713827,28.462234,0.623287,0.623287,1.565671
97.887283,70.929951,53.414248,0.773752,1.226248,1.565688
98.416583,64.270773,44.755776,0.685837,1.314163,1.565716


## 통합 비교표 (d=2 + 기존)
| d | L-함수 | A_bare gap_min ρ_S | A_L gap_min ρ_S | 2H₁/A_L | n |
|---|--------|-------------------|----------------|---------|---|
| 2 | L(s, 11a1) (N=11, d= | -0.3287 | -0.4226 | 0.652 | 90 |
| 2 | L(s, 37a1) (N=37, d= | -0.5073 | -0.5254 | 0.675 | 110 |
| 1 | ζ(s) | -0.4484 | -0.4371 | 0.666 | 337 |
| 4 | Sym³(11a1) | -0.5660 | -0.5199 | 0.661 | 101 |
| 4 | Sym³(37a1) | -0.4900 | -0.5137 | 0.676 | 131 |
| 5 | Sym⁴(11a1) | -0.4660 | -0.4854 | 0.661 | 132 |
| 6 | Sym⁵(11a1) | -0.5864 | -0.4225 | 0.657 | 71 |
| GUE | N=50~2000 | -0.857 | — | 0.669 | — |
