# C-280b Sym²(11a1) A_bare gap_min Spearman (precision=38 fix)
n_zeros=100, n_inner=96

rho_S(A_bare, gap_min_GUE)  = -0.491766  p=3.6157e-07
rho_S(A_bare, gap_right_GUE)= 0.010662  p=9.1788e-01
rho_S(A_L,    gap_min_GUE)  = -0.421582  p=1.8884e-05
rho_S(A_L,    gap_right_GUE)= -0.132569  p=1.9789e-01
2H1/A_bare = 0.771157
2H1/A_L    = 0.747914
mean_A_bare = 149.7373
mean_A_L    = 152.0437
mean_Bsmooth = 2.172549
GUE_ref_rho_S = -0.857
arithmetic_damping = 0.3652

### 개별 데이터
t,A_bare,A_L,gap_min_gue,gap_right_gue,sm_im
4.023562,101.766241,130.468469,0.891218,0.891218,1.711663
4.363655,77.769228,101.355038,0.849183,1.150817,1.756959
4.824551,128.725242,163.003396,0.738189,0.738189,1.809460
5.094186,91.010246,113.127023,0.942855,1.057145,1.836271
5.396506,52.747654,66.697956,0.641195,1.358805,1.863467
6.037174,107.581781,142.727252,0.684182,0.684182,1.912866
6.370300,91.193895,119.504040,0.962399,1.037601,1.934922
6.729457,106.671222,136.905470,0.864867,0.864867,1.956420
7.003102,73.471330,91.751206,0.855838,1.144162,1.971410
7.368934,57.243393,76.285096,0.877362,1.122638,1.989809
7.837040,81.900909,110.522560,0.833167,0.833167,2.010973
8.171286,67.434597,89.486059,0.908863,1.091137,2.024669
8.572566,73.137046,98.819951,0.999255,1.000745,2.039761
8.974444,160.414003,198.562128,0.622531,0.622531,2.053575
9.156069,89.920887,93.798693,0.556630,1.443370,2.059434
9.627030,68.092402,92.357513,0.860978,0.860978,2.073632
9.983026,65.416363,86.999650,0.950035,1.049965,2.083503
10.376467,90.092866,118.041962,0.864932,0.864932,2.093647
10.676272,137.989871,166.401685,0.736419,0.736419,2.100889
10.851000,100.552132,92.330309,0.319450,1.680550,2.104930
11.770200,368.166661,436.736774,0.270088,0.270088,2.124256
11.913713,230.156901,259.056404,0.921295,1.078705,2.127010
12.081746,145.278145,153.352514,0.753042,1.246958,2.130154
12.359991,421.948171,467.544744,0.469830,0.469830,2.135174
12.445425,454.093333,408.403168,0.220326,1.779674,2.136672
13.135511,66.325996,92.371683,0.715521,0.715521,2.148066
13.519924,112.746023,145.578751,0.816718,0.816718,2.153918
13.785252,150.434785,180.791033,0.835858,0.835858,2.157769
13.975758,129.679321,138.975539,0.943556,1.056444,2.160446
14.189057,93.559228,87.747414,0.664191,1.335809,2.163359
14.618040,73.158105,90.989559,0.763709,0.763709,2.168964
14.883040,62.928864,66.871990,0.775731,1.224269,2.172267
15.301268,63.832392,81.508559,0.874051,0.874051,2.177250
15.625930,81.140075,99.055628,0.899108,0.899108,2.180937
15.891085,79.341660,88.268127,0.979055,1.020945,2.183837
16.167584,62.658888,63.498889,0.764879,1.235121,2.186762
16.614073,79.773873,100.978236,0.738192,0.738192,2.191281
16.875281,91.560636,103.147180,0.941268,0.941268,2.193816
17.107509,80.284390,74.668228,0.739943,1.260057,2.196005
17.502972,44.971572,49.577748,0.907654,1.092346,2.199600
17.978905,112.320661,139.404175,0.563239,0.563239,2.203719
18.165480,95.959344,87.552880,0.565246,1.434754,2.205275
18.639061,45.872885,59.040590,0.999034,1.000966,2.209087
19.113558,193.360810,236.652083,0.520928,0.520928,2.212718
19.280676,174.721922,188.528593,0.992757,1.007243,2.213955
19.450232,145.454093,133.400555,0.734255,1.265745,2.215188
19.742521,72.227453,67.790095,0.809503,1.190497,2.217265
20.172377,117.714618,142.122136,0.635432,0.635432,2.220211
20.372545,188.636052,200.427423,0.800286,0.800286,2.221540
20.506071,251.163876,212.384350,0.380758,1.619242,2.222413
21.073910,37.512347,42.522676,0.922882,0.922882,2.226001
21.560439,66.128279,86.722173,0.800984,0.800984,2.228926
21.885457,113.725693,139.630318,0.873471,0.873471,2.230808
22.137465,608.843514,668.680619,0.445024,0.445024,2.232229
22.209588,622.505879,570.013769,0.432451,1.567549,2.232630
22.471020,110.810413,95.225998,0.875565,1.124435,2.234062
22.806761,68.714044,63.405297,0.949894,1.050106,2.235852
23.177921,86.134340,96.023922,0.744508,0.744508,2.237772
23.398020,102.284414,93.004055,0.856855,1.143145,2.238882
23.691658,78.468411,70.532399,0.921876,1.078124,2.240331
24.035064,85.379106,88.341179,0.771576,0.771576,2.241980
24.250758,111.075220,89.942226,0.556109,1.443891,2.242993
24.810790,370.513077,418.471508,0.279719,0.279719,2.245539
24.901852,396.874786,354.464968,0.431409,1.568591,2.245943
25.232949,80.359250,71.980852,0.976147,0.976147,2.247385
25.548619,88.661210,85.770331,0.826678,0.826678,2.248725
25.771029,118.275593,93.385322,0.585799,1.414201,2.249649
26.307956,60.767908,69.982082,0.718429,0.718429,2.251817
26.608949,127.307330,143.281297,0.771089,0.771089,2.252995
26.797810,272.676315,283.527758,0.712307,0.712307,2.253720
26.902281,444.709693,385.442994,0.426977,1.573023,2.254117
27.287162,85.922817,64.400279,0.861699,1.138301,2.255553
27.795589,69.121167,74.923278,0.647771,0.647771,2.257389
28.039146,102.895136,95.010747,0.979296,0.979296,2.258245
28.272822,117.002596,93.941018,0.709939,1.290061,2.259052
28.697445,155.017062,169.570625,0.480110,0.480110,2.260486
28.831577,255.816210,214.813892,0.514494,1.485506,2.260930
29.218857,84.257420,72.937369,0.792064,0.792064,2.262190
29.472803,115.375519,88.401539,0.693848,1.306152,2.262998
29.950851,70.442628,70.660283,0.679529,0.679529,2.264482
30.196860,101.372356,86.854315,0.869665,1.130335,2.265227
30.516607,138.495721,142.576183,0.649261,0.649261,2.266178
30.670299,227.528619,191.201275,0.724932,1.275068,2.266628
30.940627,141.016918,110.057150,0.878073,1.121927,2.267409
31.286028,97.521991,75.394158,0.933038,1.066962,2.268388
31.681007,143.569267,152.095599,0.550624,0.550624,2.269480
31.831061,236.851328,207.206470,0.876239,1.123761,2.269888
32.023503,232.406408,191.083280,0.863079,1.136921,2.270406
32.277003,190.577092,151.401293,0.988841,1.011159,2.271078
32.536226,199.112910,153.145343,0.758703,1.241297,2.271755
32.960334,112.967626,93.503724,0.711500,0.711500,2.272839
33.194523,213.487218,192.714164,0.719622,0.719622,2.273426
33.326146,465.376214,392.306887,0.614603,1.385397,2.273753
33.622843,282.583299,219.119576,0.600587,1.399413,2.274479
34.314170,99.118084,75.294538,0.568814,0.568814,2.276122
34.588933,272.620442,261.656967,0.522261,0.522261,2.276757
