# C-278 ζ(s) A_bare gap_min Spearman ρ_S 통합 재측정
# T=[10.0,600.0], CENTER=0.5, mu=[0], N_cond=1
# n_all_zeros=341, n_in_range=341, n_valid=337
# same-side zeros only (GL(d)와 동일 방법론)

## 핵심 결과
rho_S(A_bare, gap_min_GUE)  = -0.448420  p=4.4843e-18
rho_S(A_bare, gap_right_GUE)= -0.136308  p=1.2256e-02
rho_S(A_L,    gap_min_GUE)  = -0.437080  p=3.7251e-17
rho_S(A_L,    gap_right_GUE)= -0.326123  p=8.6208e-10

## 보조 통계
n_valid = 337
2H1/A_bare_mean = 0.739385
2H1/A_L_mean    = 0.665627
mean_A_bare     = 5.2407
mean_A_L        = 5.8800
mean_Bsmooth    = 0.786523
mean_gap_min_GUE = 0.741445
GUE_ref_rho_S   = -0.857
arithmetic_damping = 0.4086

## 개별 데이터 (t, A_bare, A_L, gap_min_GUE, gap_right_GUE, B_smooth)
t,A_bare,A_L,gap_min_gue,gap_right_gue,sm_im
25.010858,3.381417,6.803636,0.848429,1.151571,0.795398
30.424876,4.794632,8.700648,0.633549,0.633549,0.793617
32.935062,2.969842,6.055942,0.701042,1.298958,0.792991
37.586178,4.007152,7.608441,0.834841,0.834841,0.792051
40.918719,4.207837,7.788105,0.839017,0.839017,0.791509
43.327073,2.742952,5.643079,0.679709,1.320291,0.791169
48.005151,5.609485,9.628045,0.548704,0.548704,0.790607
49.773832,2.933771,5.707570,0.712435,1.287565,0.790421
52.970321,3.101412,6.194449,0.958121,1.041879,0.790118
56.446248,3.854567,7.270124,0.909808,0.909808,0.789828
59.347044,5.389613,9.150203,0.677106,0.677106,0.789611
60.831779,2.355299,4.550367,0.515041,1.484959,0.789508
65.112544,4.835350,8.550364,0.629724,0.629724,0.789238
67.079811,3.338822,6.276522,0.887384,1.112616,0.789125
69.546402,3.131204,6.049486,0.989140,1.010860,0.788993
72.067158,2.704947,5.471971,0.818655,1.181345,0.788867
75.704691,6.038469,10.000910,0.567247,0.567247,0.788701
77.144840,3.190877,5.702233,0.792884,1.207116,0.788639
79.337375,2.349074,4.778719,0.760565,1.239435,0.788549
82.910381,4.604671,8.141235,0.676203,0.676203,0.788414
84.735493,3.041945,5.733091,0.808485,1.191515,0.788349
87.425275,4.996370,8.455192,0.679414,0.679414,0.788258
88.809111,2.289524,4.165885,0.546256,1.453744,0.788213
92.491899,4.254931,7.671543,0.739253,0.739253,0.788101
94.651344,5.715036,9.278183,0.721744,0.721744,0.788040
95.870634,2.586702,4.313514,0.583413,1.416587,0.788006
98.831194,3.011343,5.838520,0.913001,0.913001,0.787928
101.317851,3.297203,6.218663,0.983865,0.983865,0.787866
103.725538,4.271248,7.484850,0.833703,0.833703,0.787808
105.446623,3.440689,6.053801,0.999738,1.000262,0.787769
107.168611,2.068011,3.989783,0.616878,1.383122,0.787731
111.029536,9.908800,14.509877,0.359165,0.359165,0.787650
111.874659,3.886886,5.275795,0.513646,1.486354,0.787633
114.320221,3.241648,5.951601,0.876126,0.876126,0.787585
116.226680,2.485702,4.756269,0.852895,1.147105,0.787549
118.790783,2.916275,5.618201,0.997037,1.002963,0.787503
121.370125,4.800310,8.168505,0.758752,0.758752,0.787458
122.946829,4.386944,7.160961,0.907605,0.907605,0.787432
124.256819,2.270740,3.680365,0.573318,1.426682,0.787410
127.516684,3.617728,6.648388,0.774921,0.774921,0.787359
129.578704,4.287396,7.329223,0.845132,0.845132,0.787328
131.087689,2.715970,4.785538,0.770080,1.229920,0.787305
133.497737,4.648893,7.734552,0.686200,0.686200,0.787271
134.756510,2.305746,3.711607,0.545123,1.454877,0.787253
138.116042,4.688925,8.057919,0.650709,0.650709,0.787208
139.736209,4.382991,7.204964,0.922642,0.922642,0.787187
141.123707,2.791841,4.603573,0.822066,1.177934,0.787170
143.111846,2.111989,4.039552,0.815266,1.184734,0.787145
146.000982,4.537446,7.738234,0.659619,0.659619,0.787111
147.422765,2.652656,4.602544,0.701675,1.298325,0.787094
150.053520,7.936621,11.816653,0.497781,0.497781,0.787064
150.925258,3.781575,4.753213,0.586797,1.413203,0.787055
153.024694,1.960615,3.763518,0.809398,1.190602,0.787032
156.112909,4.896573,8.249511,0.649340,0.649340,0.787000
157.597592,4.551270,7.232162,0.915134,0.915134,0.786984
158.849988,2.645217,4.020266,0.697447,1.302553,0.786972
161.188964,2.835537,5.175843,0.881066,0.881066,0.786949
163.030710,2.311721,4.288852,0.847149,1.152851,0.786932
165.537069,3.772705,6.622000,0.793201,0.793201,0.786908
167.184440,3.254693,5.583023,0.926154,1.073846,0.786894
169.094515,7.134149,10.437248,0.599413,0.599413,0.786877
169.911976,4.060003,4.202021,0.378715,1.621285,0.786870
173.411537,4.924308,8.213197,0.554562,0.554562,0.786840
174.754192,3.355980,5.434925,0.886271,1.113729,0.786829
176.441434,2.762236,4.722766,0.931351,1.068649,0.786815
178.377408,3.218544,5.497028,0.885787,0.885787,0.786800
179.916484,2.274742,3.813410,0.803764,1.196236,0.786788
182.207078,2.329883,4.441235,0.924002,1.075998,0.786770
184.874468,10.573620,14.907740,0.427110,0.427110,0.786750
185.598784,5.312937,6.040786,0.615273,1.384727,0.786745
187.228923,2.275746,3.599543,0.854063,1.145937,0.786733
189.416159,2.091565,3.942429,0.911779,1.088221,0.786718
192.026656,5.804420,9.126633,0.574888,0.574888,0.786700
193.079727,3.119892,4.338847,0.650296,1.349704,0.786693
195.265397,3.376463,5.783003,0.848664,0.848664,0.786678
196.876482,4.194149,6.507375,0.828265,0.828265,0.786668
198.015310,2.578690,3.188472,0.519033,1.480967,0.786661
201.264752,5.149074,8.394123,0.548801,0.548801,0.786640
202.493595,3.419653,5.249865,0.840257,1.159743,0.786633
204.189672,3.970930,6.210662,0.830736,0.830736,0.786623
205.394697,2.566476,3.389362,0.648458,1.351542,0.786615
207.906259,2.901975,5.165840,0.798817,0.798817,0.786601
209.576510,2.455621,4.225098,0.882656,1.117344,0.786591
211.690863,3.330481,5.727433,0.878747,0.878747,0.786579
213.347919,4.310062,6.741188,0.839670,0.839670,0.786570
214.547045,3.107477,4.281883,0.849956,1.150044,0.786563
216.169539,1.933568,2.948710,0.717830,1.282170,0.786555
219.067596,3.833699,6.616613,0.724834,0.724834,0.786539
220.714919,8.616395,12.038279,0.605801,0.605801,0.786531
221.430706,5.473813,5.273298,0.434854,1.565146,0.786527
224.007000,5.256657,8.097972,0.549636,0.549636,0.786514
224.983325,3.242002,3.716637,0.571879,1.428121,0.786509
227.421444,2.496071,4.505379,0.880078,0.880078,0.786497
229.337413,2.938604,5.070515,0.999166,0.999166,0.786488
231.250189,8.472961,11.941311,0.556299,0.556299,0.786479
231.987235,5.392322,5.456903,0.603341,1.396659,0.786476
233.693404,1.948291,2.798671,0.752114,1.247886,0.786468
236.524230,4.309120,7.100364,0.611121,0.611121,0.786455
237.769820,3.018739,4.463834,0.821834,1.178166,0.786450
239.555478,3.120423,5.029181,0.910965,0.910965,0.786442
241.049158,2.730215,4.172016,0.914183,1.085817,0.786435
242.823272,3.395352,5.278963,0.825767,0.825767,0.786428
244.070898,2.391476,2.936609,0.578446,1.421554,0.786422
247.136990,6.518599,9.924514,0.478778,0.478778,0.786410
248.101990,4.108776,5.339703,0.792055,1.207945,0.786406
249.573690,3.125586,4.499868,0.989550,0.989550,0.786400
251.014948,2.382404,3.249125,0.824448,1.175552,0.786394
253.069987,2.062499,3.540981,0.957768,1.042232,0.786386
255.306256,4.666349,7.324110,0.649076,0.649076,0.786377
256.380714,3.042796,3.807204,0.650362,1.349638,0.786373
258.610439,4.157850,6.622989,0.723571,0.723571,0.786365
259.874407,5.067721,6.953995,0.848135,0.848135,0.786360
260.805085,4.005427,3.677771,0.503139,1.496861,0.786357
263.573894,2.430172,4.381135,0.834864,0.834864,0.786347
265.557852,5.181497,7.950298,0.695228,0.695228,0.786340
266.614974,4.013061,5.181122,0.894326,1.105674,0.786336
267.921915,2.717638,3.332973,0.778990,1.221010,0.786331
269.970449,2.663328,4.294464,0.853050,0.853050,0.786324
271.494056,2.319795,3.401564,0.873337,1.126663,0.786319
273.459609,2.248405,3.779534,0.960344,1.039656,0.786312
275.587493,6.454740,9.473045,0.577827,0.577827,0.786305
276.452050,4.337332,4.725791,0.649249,1.350751,0.786302
278.250744,4.324393,6.212494,0.704672,0.704672,0.786297
279.229251,3.632671,3.332777,0.464367,1.535633,0.786293
282.465115,8.588393,12.246852,0.374728,0.374728,0.786283
283.211186,5.277338,5.540703,0.629370,1.370630,0.786281
284.835964,2.564436,3.648369,0.940195,1.059805,0.786276
286.667445,3.435652,5.228968,0.809163,0.809163,0.786270
287.911921,2.935391,3.652483,0.854602,1.145398,0.786266
289.579855,2.070420,2.869059,0.847879,1.152121,0.786261
291.846291,2.647997,4.492737,0.860681,0.860681,0.786255
293.558434,3.734854,5.797549,0.902148,0.902148,0.786250
294.965370,9.422804,12.270739,0.603414,0.603414,0.786246
295.573255,8.794848,7.293700,0.403387,1.596613,0.786244
297.979277,2.091657,3.389583,0.872284,0.872284,0.786237
299.840326,2.452445,3.943991,0.985818,0.985818,0.786232
301.649325,4.335208,6.486074,0.733382,0.733382,0.786227
302.696750,3.338034,3.675780,0.651576,1.348424,0.786224
304.864371,5.782321,8.359986,0.570247,0.570247,0.786218
305.728913,4.654585,4.689718,0.734179,1.265821,0.786216
307.219496,2.327589,2.482649,0.680546,1.319454,0.786212
310.109463,5.051743,7.834807,0.535111,0.535111,0.786204
311.165142,4.156306,5.326043,0.910720,1.089280,0.786202
312.427801,3.239148,3.917661,0.895458,1.104542,0.786198
313.985286,2.782369,3.667996,0.977966,0.977966,0.786194
315.475616,2.306656,2.797249,0.794945,1.205055,0.786191
317.734806,3.723812,5.745407,0.662207,0.662207,0.786185
318.853104,2.984555,3.323442,0.652958,1.347042,0.786182
321.160134,5.092912,7.618478,0.598170,0.598170,0.786177
322.144559,4.264976,4.943353,0.853485,1.146515,0.786174
323.466970,3.279888,3.813248,0.972966,1.027034,0.786171
324.862866,2.518622,2.548553,0.701997,1.298003,0.786168
327.443901,2.811258,4.678427,0.762154,0.762154,0.786162
329.033072,5.270465,7.498209,0.733395,0.733395,0.786158
329.953240,4.419685,4.518551,0.753805,1.246195,0.786156
331.474468,2.528298,2.959839,0.824036,1.175964,0.786152
333.645379,10.333229,13.529572,0.413591,0.413591,0.786147
334.211355,9.853333,8.090551,0.354126,1.645874,0.786146
336.841850,2.673976,4.326880,0.725732,0.725732,0.786140
338.339993,3.007775,4.300565,0.993343,1.006657,0.786137
339.858217,3.850513,5.365010,0.876334,0.876334,0.786134
341.042261,4.459138,5.335481,0.921960,0.921960,0.786131
342.054878,4.247443,3.458474,0.559543,1.440457,0.786129
344.661703,2.405294,3.910353,0.785544,0.785544,0.786124
346.347871,4.855934,6.897420,0.708400,0.708400,0.786120
347.272678,4.218076,4.000430,0.623103,1.376897,0.786118
349.316261,3.830575,5.560237,0.696587,0.696587,0.786114
350.408419,3.699594,3.996495,0.852454,1.147546,0.786112
351.878649,2.788657,3.136933,0.954545,1.045455,0.786109
353.488900,2.171104,2.436466,0.778101,1.221899,0.786105
356.017575,4.467419,6.855731,0.619117,0.619117,0.786100
357.151302,6.242507,7.953155,0.828256,0.828256,0.786098
357.952685,5.971277,5.101338,0.618243,1.381757,0.786097
359.743755,2.593008,3.154667,0.926435,0.926435,0.786093
361.289362,2.375168,2.695151,0.861644,1.138356,0.786090
363.331331,2.741603,4.074705,0.815104,0.815104,0.786086
364.736024,2.968376,3.782695,0.975015,1.024985,0.786084
366.212710,2.720903,3.364391,0.906623,1.093377,0.786081
367.993575,4.594486,6.395164,0.707517,0.707517,0.786078
368.968438,4.935723,5.117822,0.947691,1.052309,0.786076
370.050919,4.291365,3.283605,0.528879,1.471121,0.786074
373.061928,6.236110,8.954615,0.421057,0.421057,0.786068
373.864874,5.072011,4.792994,0.581006,1.418994,0.786067
375.825913,12.660548,15.943816,0.405153,0.405153,0.786063
376.324092,13.340007,10.965289,0.381634,1.618366,0.786062
378.436680,2.597248,3.404767,0.809435,0.809435,0.786059
379.872975,2.769373,3.121938,0.942516,1.057484,0.786056
381.484469,2.369655,2.739403,0.902657,1.097343,0.786053
383.443529,2.757608,4.019086,0.871394,0.871394,0.786050
384.956117,5.017234,6.716444,0.748776,0.748776,0.786048
385.861301,5.090347,4.764918,0.798654,1.201346,0.786046
387.222890,3.325748,3.102314,0.912340,1.087660,0.786044
388.846128,2.380436,2.266522,0.766910,1.233090,0.786041
391.456084,6.603663,9.318487,0.464260,0.464260,0.786037
392.245083,5.877390,5.790004,0.800340,1.199660,0.786036
393.427744,3.773799,3.273789,0.708650,1.291350,0.786034
395.582870,5.578860,7.584633,0.540931,0.540931,0.786030
396.381854,5.922948,5.072154,0.684101,1.315899,0.786029
397.918736,2.812292,2.540527,0.853050,1.146950,0.786026
399.985120,2.162350,2.893022,0.945855,0.945855,0.786023
401.839229,4.197357,5.910983,0.710991,0.710991,0.786020
402.861918,4.330781,4.505685,0.853232,1.146768,0.786019
404.236442,4.749672,5.492395,0.790282,0.790282,0.786017
405.134387,5.857673,4.384732,0.536885,1.463115,0.786015
407.581460,2.584650,3.617885,0.716410,0.716410,0.786012
408.947246,2.967356,3.328322,0.931511,1.068489,0.786009
410.513869,2.930715,3.508618,0.964223,0.964223,0.786007
411.972268,3.315563,3.894609,0.938909,0.938909,0.786005
413.262736,3.346524,3.365646,0.847169,1.152831,0.786003
415.018810,14.516476,17.512222,0.398093,0.398093,0.786001
415.455215,19.414824,15.755070,0.259079,1.740921,0.786000
418.387706,2.664290,4.004713,0.668910,0.668910,0.785996
419.861365,6.004085,7.821626,0.693635,0.693635,0.785994
420.643828,6.477115,5.554417,0.706403,1.293597,0.785992
422.076710,3.399370,3.097295,0.932638,1.067362,0.785990
423.716580,3.010680,3.234205,0.904260,0.904260,0.785988
425.069882,3.102259,2.676234,0.775033,1.224967,0.785986
427.208825,4.179092,5.637386,0.601098,0.601098,0.785983
428.127914,4.836888,3.949172,0.589175,1.410825,0.785982
430.328745,4.574730,6.314478,0.612947,0.612947,0.785979
431.301307,6.170654,6.623947,0.925285,0.925285,0.785978
432.138642,7.126047,5.425611,0.647112,1.352888,0.785977
433.889218,2.773911,2.244780,0.870422,1.129578,0.785974
436.161006,2.633581,3.624401,0.769506,0.769506,0.785971
437.581698,4.103071,5.056345,0.845310,0.845310,0.785969
438.621739,4.662320,4.307189,0.890162,1.109838,0.785968
439.918442,3.745828,3.154575,0.847114,1.152886,0.785966
441.683199,3.205937,3.644062,0.818020,0.818020,0.785964
442.904546,3.859151,3.435655,0.926619,1.073381,0.785963
444.319336,3.248933,2.519112,0.715249,1.284751,0.785961
446.860623,9.582036,12.447235,0.372206,0.372206,0.785958
447.441704,10.104925,8.344964,0.507955,1.492045,0.785957
449.148546,4.231008,4.926898,0.728724,0.728724,0.785955
450.126946,5.448876,4.540985,0.867852,1.132148,0.785954
451.403308,4.329021,3.020255,0.661363,1.338637,0.785952
453.986738,3.864530,5.305393,0.553258,0.553258,0.785949
454.974684,4.654633,4.268510,0.843789,1.156211,0.785948
456.328427,3.607493,3.211764,0.924306,1.075694,0.785946
457.903893,3.116549,3.133787,0.989307,1.010693,0.785944
459.513415,8.591722,10.370473,0.526113,0.526113,0.785942
460.087944,12.749338,9.891071,0.450266,1.549734,0.785942
462.065367,2.690718,2.232969,0.996348,1.003652,0.785939
464.057287,2.519649,2.976977,0.895272,0.895272,0.785937
465.671539,4.965133,6.284936,0.715279,0.715279,0.785935
466.570287,6.707857,6.433011,0.983033,0.983033,0.785934
467.439046,7.792728,5.640043,0.585868,1.414132,0.785933
469.536005,3.032249,3.172491,0.742306,0.742306,0.785931
470.773655,3.869666,2.961274,0.758557,1.241443,0.785929
472.799175,3.538526,4.297212,0.676813,0.676813,0.785927
473.835232,4.659378,3.734860,0.739733,1.260267,0.785926
475.600339,3.479103,3.877209,0.796702,0.796702,0.785924
476.769015,4.441718,4.030438,0.944413,1.055587,0.785923
478.075264,5.248107,5.142939,0.797838,0.797838,0.785921
478.942182,8.087241,5.629202,0.461731,1.538269,0.785920
481.830339,3.854783,5.217148,0.516078,0.516078,0.785917
482.834783,5.296863,5.194539,0.993963,1.006037,0.785916
483.851427,5.632584,4.311677,0.751854,1.248146,0.785915
485.539148,4.128180,4.270404,0.739232,0.739232,0.785913
486.528718,5.917811,4.290628,0.696532,1.303468,0.785912
488.380567,3.266127,3.065775,0.817859,0.817859,0.785910
489.661762,4.057451,3.058964,0.848964,1.151036,0.785909
491.398822,2.910775,2.506568,0.951115,1.048885,0.785907
493.314442,7.394570,9.208277,0.502940,0.502940,0.785905
493.957998,9.993812,7.985909,0.629583,1.370417,0.785904
495.358829,4.885050,4.173727,0.866503,0.866503,0.785903
496.429696,6.312241,4.277589,0.664732,1.335268,0.785902
498.580782,2.672315,2.328763,0.891018,0.891018,0.785900
500.309085,3.308804,3.571773,0.856816,0.856816,0.785898
501.604447,6.840286,7.534418,0.683030,0.683030,0.785897
502.276270,11.327119,8.431854,0.464074,1.535926,0.785896
504.499773,4.296122,4.933895,0.583287,0.583287,0.785894
505.415232,6.700153,5.491148,0.932059,1.067941,0.785893
506.464153,7.104188,4.777538,0.619661,1.380339,0.785892
508.800700,2.734999,2.644144,0.770262,0.770262,0.785890
510.264228,3.671835,3.500188,0.940083,0.940083,0.785888
511.562290,4.709491,4.472993,0.899442,0.899442,0.785887
512.623145,6.138915,5.053025,0.992873,0.992873,0.785886
513.668986,7.089286,4.883204,0.743865,1.256135,0.785885
515.435057,3.759044,2.513514,0.900900,1.099100,0.785883
517.589669,6.657924,7.964079,0.460533,0.460533,0.785881
518.234223,11.099343,8.375591,0.512234,1.487766,0.785881
520.106310,3.511747,3.012300,0.862289,0.862289,0.785879
521.525193,4.868871,4.710677,0.792638,0.792638,0.785878
522.456696,7.289183,5.318510,0.764989,1.235011,0.785877
523.960531,4.901511,3.821106,0.852337,0.852337,0.785875
525.077386,6.806343,4.411400,0.566484,1.433516,0.785874
527.903642,11.139763,13.635765,0.301951,0.301951,0.785872
528.406214,15.417300,12.445716,0.528305,1.471695,0.785871
529.806226,5.466009,4.414250,0.862104,0.862104,0.785870
530.866918,7.150817,4.885969,0.736091,1.263909,0.785869
532.688183,4.232796,3.523978,0.749437,0.749437,0.785867
533.779631,6.499638,4.366009,0.733468,1.266532,0.785867
535.664314,3.677536,2.834595,0.854341,0.854341,0.785865
537.069759,4.455526,3.382033,0.983113,0.983113,0.785864
538.428526,4.721385,3.386738,0.864519,1.135481,0.785862
540.213166,14.777936,16.978814,0.379709,0.379709,0.785861
540.631390,24.769288,20.260609,0.511817,1.488183,0.785861
541.847437,8.974974,5.874132,0.658658,1.341342,0.785860
544.323890,3.282853,2.737781,0.692956,0.692956,0.785857
545.636833,4.713618,3.609110,0.977248,1.022752,0.785856
547.010912,5.496122,4.774708,0.802431,0.802431,0.785855
547.931613,8.701171,6.122885,0.740514,1.259486,0.785854
549.497568,5.233082,3.580593,0.969223,0.969223,0.785853
550.970010,5.347048,4.057742,0.846050,0.846050,0.785852
552.049572,7.820767,5.215511,0.772506,1.227494,0.785851
553.764972,4.915092,3.050789,0.916726,1.083274,0.785850
555.792021,4.000668,3.765751,0.706623,0.706623,0.785848
556.899476,7.941869,7.504127,0.750500,0.750500,0.785847
557.564659,14.941579,11.084839,0.550475,1.449525,0.785847
559.316237,5.871827,4.529225,0.690971,0.690971,0.785845
560.240807,10.782054,7.298668,0.570200,1.429800,0.785844
562.559208,3.832572,2.724076,0.817164,0.817164,0.785843
564.160879,19.799323,21.983570,0.354601,0.354601,0.785841
564.506056,38.577800,32.184424,0.272017,1.727983,0.785841
566.698788,4.837164,3.864170,0.640462,0.640462,0.785839
567.731758,8.023963,5.744297,0.928443,1.071557,0.785839
568.923955,8.282561,5.762034,0.971959,0.971959,0.785838
570.051115,10.285763,6.738196,0.644823,1.355177,0.785837
572.419984,4.312184,3.143771,0.670480,0.670480,0.785835
573.614611,6.694743,4.582093,0.893545,1.106455,0.785834
575.093886,7.218347,6.398014,0.650688,0.650688,0.785833
575.807247,14.758122,10.896389,0.733489,1.266511,0.785832
577.039003,10.900730,7.188907,0.748427,1.251573,0.785831
579.098835,5.783187,4.038906,0.670200,0.670200,0.785830
580.136959,10.280783,6.843366,0.729086,1.270914,0.785829
581.946576,6.251898,4.072273,0.832177,0.832177,0.785828
583.236088,8.000336,5.318192,0.986194,1.013806,0.785827
584.561706,8.408073,5.571050,0.964621,1.035379,0.785826
585.984563,8.510052,6.567025,0.695264,0.695264,0.785825
586.742772,17.535601,12.768309,0.703641,1.296359,0.785824
588.139663,12.761733,8.386705,0.713132,1.286868,0.785823
590.660398,5.897420,4.073872,0.594201,0.594201,0.785821
591.725858,10.425159,7.648922,0.884895,0.884895,0.785821
592.571358,17.428634,12.549447,0.751938,1.248062,0.785820
593.974715,13.459429,9.004942,0.889102,1.110898,0.785819
595.728154,10.935651,8.292617,0.531491,0.531491,0.785818
596.362768,28.899427,22.069194,0.459047,1.540953,0.785817
