# C-282 ζ(s) 켤레합 포함 A_L 재측정 — B-50 검증
# T_MAX=2000.0, CENTER=0.5, TRIM=40%
# n_all=1517, n_valid=910
# NEW: 전체 영점 + 켤레합 (C-270 방식)
# OLD: ±300 이웃, 같은편만 (C-278 방식)

## 핵심 결과
ρ_S(A_bare_old × gap_min  [C-278]) = -0.928669  p=0.0000e+00
ρ_S(A_L_old    × gap_min  [C-278]) = -0.840553  p=5.9254e-244
ρ_S(A_L_new    × gap_min  [C-282]) = -0.799613  p=2.6287e-203
ρ_S(A_Λ_new    × gap_min  [C-282]) = -0.899825  p=0.0000e+00
ρ_S(A_L_new    × gap_right[C-282]) = -0.164520  p=6.0327e-07
ρ_S(A_Λ_new    × gap_right[C-282]) = -0.455323  p=8.9803e-48

GUE_ref = -0.857
C-270_ref_A_L = -0.800
C-270_ref_A_Lambda = -0.900

## 보조 통계
2H1/A_L_new_mean  = 0.842124
2H1/A_bare_old_mean = 0.899098
mean_A_L_new      = 8.7560
mean_A_Lambda_new = 8.3713
mean_A_bare_old   = 8.0753
mean_A_L_old      = 8.7848
mean_S1_conj      = 0.752959

## 개별 데이터
t,A_bare_old,A_L_old,A_L_new,A_Lambda_new,gap_min_gue,gap_right_gue,S1_conj,H1_conj,sm_im,im_gamma_S
547.931613,4.851725,4.667025,4.813974,4.697770,0.654755,1.113625,1.056982,0.000870,0.785854,0.785854
549.497568,3.182569,3.958376,3.197901,4.041170,1.047793,1.047793,1.055621,0.000868,0.785853,0.785853
550.970010,4.026185,5.199046,4.062508,5.301439,0.768678,0.768678,1.054345,0.000865,0.785852,0.785852
552.049572,3.861215,3.744676,3.830145,3.776760,0.769015,1.221947,1.053412,0.000864,0.785851,0.785851
553.764972,2.450546,3.116003,2.459423,3.187534,1.222794,1.444947,1.051933,0.000861,0.785850,0.785850
555.792021,4.943476,7.288114,5.038552,7.446541,0.790075,0.790075,1.050192,0.000857,0.785848,0.785848
556.899476,8.499318,10.671141,8.581818,10.814152,0.474762,0.474762,1.049243,0.000856,0.785847,0.785847
557.564659,8.245850,7.018642,8.168365,6.997141,0.474888,1.250489,1.048674,0.000854,0.785847,0.785847
559.316237,4.556743,5.891113,4.595140,5.985116,0.660532,0.660532,1.047180,0.000852,0.785845,0.785845
560.240807,4.796154,4.017498,4.743288,4.016678,0.660775,1.656923,1.046394,0.000850,0.785844,0.785844
562.559208,3.103994,4.766582,3.155594,4.872008,1.145741,1.145741,1.044427,0.000846,0.785843,0.785843
564.160879,26.635244,31.640151,26.829041,31.886807,0.247075,0.247075,1.043074,0.000844,0.785841,0.785841
564.506056,25.777093,22.218479,25.623785,22.112220,0.247109,1.569756,1.042783,0.000843,0.785841,0.785841
566.698788,4.553247,6.485832,4.610549,6.591466,0.740131,0.740131,1.040938,0.000840,0.785839,0.785839
567.731758,4.668244,5.331274,4.675629,5.383822,0.740431,0.854564,1.040071,0.000838,0.785839,0.785839
568.923955,4.348529,4.814358,4.348929,4.857361,0.808322,0.808322,1.039073,0.000836,0.785838,0.785838
570.051115,3.829816,3.311625,3.798783,3.320365,0.808677,1.699537,1.038132,0.000834,0.785837,0.785837
572.419984,3.791192,5.743496,3.841911,5.835949,0.857869,0.857869,1.036160,0.000831,0.785835,0.785835
573.614611,3.807443,4.866602,3.826982,4.925304,0.858265,1.062768,1.035169,0.000829,0.785834,0.785834
575.093886,7.746768,10.163749,7.807163,10.261824,0.512798,0.512798,1.033944,0.000826,0.785833,0.785833
575.807247,7.281468,6.692084,7.254352,6.698205,0.512939,0.885689,1.033355,0.000825,0.785832,0.785832
577.039003,3.774578,3.394999,3.755022,3.406236,0.886108,1.481813,1.032340,0.000823,0.785831,0.785831
579.098835,4.058354,5.751109,4.091159,5.815469,0.747401,0.747401,1.030647,0.000820,0.785830,0.785830
580.136959,3.819637,3.877990,3.812055,3.898765,0.747697,1.303354,1.029796,0.000819,0.785829,0.785829
581.946576,3.422946,4.845896,3.446558,4.897650,0.929394,0.929394,1.028317,0.000816,0.785828,0.785828
583.236088,3.734889,4.739186,3.748217,4.778425,0.929849,0.955884,1.027266,0.000814,0.785827,0.785827
584.561706,3.708322,4.650581,3.719758,4.685831,0.956363,1.026516,1.026188,0.000812,0.785826,0.785826
585.984563,6.666612,8.611178,6.695490,8.662141,0.547301,0.547301,1.025034,0.000810,0.785825,0.785825
586.742772,6.731745,5.916028,6.716196,5.918252,0.547457,1.008611,1.024421,0.000809,0.785824,0.785824
588.139663,3.126678,2.827199,3.119891,2.836362,1.009140,1.821024,1.023292,0.000807,0.785823,0.785823
590.660398,5.084521,7.597019,5.118017,7.649018,0.770433,0.770433,1.021264,0.000803,0.785821,0.785821
591.725858,6.394186,8.087215,6.412635,8.121034,0.611623,0.611623,1.020409,0.000801,0.785821,0.785821
592.571358,5.712333,5.420748,5.708973,5.428771,0.611815,1.015487,1.019732,0.000800,0.785820,0.785820
593.974715,3.291921,3.648790,3.294909,3.661351,1.016015,1.269471,1.018610,0.000798,0.785819,0.785819
595.728154,8.401372,10.925355,8.420476,10.953587,0.459752,0.459752,1.017213,0.000796,0.785818,0.785818
596.362768,8.599875,7.099778,8.597494,7.101693,0.459860,1.543682,1.016709,0.000795,0.785817,0.785817
598.493077,3.963513,5.606228,3.972929,5.620963,0.763314,0.763314,1.015019,0.000792,0.785816,0.785816
599.545640,3.687002,3.726680,3.690997,3.732802,0.763608,1.491937,1.014187,0.000790,0.785815,0.785815
601.602137,5.413395,7.792620,5.422498,7.804597,0.709344,0.709344,1.012565,0.000787,0.785814,0.785814
602.579168,5.521813,6.559515,5.526600,6.563678,0.709597,0.760015,1.011797,0.000786,0.785813,0.785813
603.625619,5.417600,5.953212,5.422862,5.954615,0.719725,0.719725,1.010975,0.000784,0.785812,0.785812
604.616218,4.907576,4.206375,4.920410,4.211894,0.719983,1.284459,1.010199,0.000783,0.785812,0.785812
606.383460,2.472424,2.953879,2.478308,2.952046,1.285280,1.476202,1.008818,0.000780,0.785810,0.785810
608.413217,4.964181,7.176469,4.960086,7.165301,0.710605,0.710605,1.007237,0.000777,0.785809,0.785809
609.389575,4.433742,4.935189,4.439801,4.930657,0.710854,1.055397,1.006479,0.000776,0.785808,0.785808
610.839163,4.984970,6.472458,4.981428,6.456670,0.681130,0.681130,1.005355,0.000774,0.785807,0.785807
611.774210,4.730648,4.410271,4.747870,4.411567,0.681358,1.330272,1.004632,0.000773,0.785807,0.785807
613.599779,4.520022,6.235583,4.510851,6.210320,0.763039,0.763039,1.003223,0.000770,0.785806,0.785806
614.646238,5.605885,6.427492,5.607873,6.410130,0.650893,0.650893,1.002418,0.000769,0.785805,0.785805
615.538563,5.576959,4.452444,5.614955,4.467226,0.651099,1.878353,1.001732,0.000768,0.785804,0.785804
618.112831,4.708805,7.038604,4.685701,6.995073,0.782658,0.782658,0.999761,0.000764,0.785803,0.785803
619.184483,4.939499,6.165419,4.933160,6.135508,0.782954,0.795199,0.998943,0.000763,0.785802,0.785802
620.272894,4.347682,4.855640,4.355386,4.836684,0.795503,1.049843,0.998113,0.000761,0.785801,0.785801
621.709295,7.757842,9.790702,7.730702,9.735185,0.486801,0.486801,0.997021,0.000759,0.785800,0.785800
622.375003,8.474503,6.928637,8.538093,6.959066,0.486914,1.385971,0.996516,0.000758,0.785800,0.785800
624.269900,2.594981,3.278030,2.598732,3.248731,1.280386,1.280386,0.995081,0.000756,0.785799,0.785799
626.019283,3.646211,5.191490,3.626550,5.138305,0.914791,0.914791,0.993761,0.000754,0.785798,0.785798
627.268397,4.484177,5.677199,4.473003,5.630040,0.774773,0.774773,0.992821,0.000752,0.785797,0.785797
628.325862,3.947065,3.907121,3.973639,3.894479,0.775056,1.574368,0.992026,0.000751,0.785796,0.785796
630.473887,30.581295,36.227470,30.431850,36.039929,0.243437,0.243437,0.990417,0.000748,0.785795,0.785795
630.805781,26.557232,23.336861,26.700541,23.435944,0.243465,1.041192,0.990169,0.000747,0.785794,0.785794
632.225141,3.872513,4.069645,3.894115,4.045242,0.970037,0.970037,0.989110,0.000745,0.785794,0.785794
633.546858,3.187924,3.109708,3.221102,3.094695,0.970477,1.451579,0.988126,0.000744,0.785793,0.785793
635.523800,2.648198,3.869559,2.630868,3.804474,1.376476,1.376476,0.986658,0.000741,0.785792,0.785792
637.397193,14.459586,18.537907,14.331861,18.362454,0.388431,0.388431,0.985272,0.000739,0.785790,0.785790
637.925514,11.296376,10.593806,11.359364,10.603708,0.388501,0.737133,0.984881,0.000738,0.785790,0.785790
638.927938,5.267236,4.575713,5.333576,4.585505,0.737384,1.299701,0.984142,0.000737,0.785789,0.785789
640.694795,3.454240,4.515745,3.440191,4.444754,0.920569,0.920569,0.982842,0.000735,0.785788,0.785788
641.945500,3.699236,4.254871,3.708758,4.204970,0.920957,0.981838,0.981925,0.000733,0.785788,0.785788
643.278884,3.183052,3.516156,3.203882,3.475424,0.982278,1.260972,0.980948,0.000731,0.785787,0.785787
644.990578,3.267606,4.511476,3.242761,4.424457,1.000702,1.000702,0.979698,0.000729,0.785786,0.785786
646.348192,3.585355,4.643845,3.569222,4.563495,1.001156,1.042414,0.978710,0.000727,0.785785,0.785785
647.761753,4.794565,6.360424,4.750746,6.250563,0.755971,0.755971,0.977683,0.000726,0.785784,0.785784
648.786401,4.650698,5.089937,4.667806,5.037618,0.756229,1.041458,0.976940,0.000724,0.785783,0.785783
650.197519,13.275970,16.054212,13.158495,15.865485,0.347900,0.347900,0.975919,0.000723,0.785783,0.785783
650.668684,16.532123,13.424029,16.771586,13.586614,0.347954,2.201381,0.975578,0.000722,0.785782,0.785782
653.649572,9.773617,13.245986,9.613621,13.013636,0.482233,0.482233,0.973431,0.000718,0.785781,0.785781
654.301921,7.373245,7.049513,7.439703,7.038706,0.482337,1.040716,0.972963,0.000718,0.785780,0.785780
655.709463,3.945578,4.863819,3.934001,4.773129,0.928077,0.928077,0.971954,0.000716,0.785779,0.785779
656.964085,4.117233,4.894496,4.114532,4.810214,0.896570,0.896570,0.971056,0.000714,0.785779,0.785779
658.175614,3.799535,4.170943,3.824349,4.111546,0.896925,1.101774,0.970192,0.000713,0.785778,0.785778
659.663846,4.228938,5.380817,4.199983,5.266134,0.779856,0.779856,0.969132,0.000711,0.785777,0.785777
660.716733,4.164126,4.041860,4.225830,4.014545,0.780123,1.170573,0.968384,0.000710,0.785777,0.785777
662.296586,2.707551,3.195283,2.725492,3.123058,1.171174,1.444100,0.967264,0.000708,0.785776,0.785776
664.244605,4.584374,6.685663,4.484908,6.496387,0.814598,0.814598,0.965887,0.000706,0.785775,0.785775
665.342763,4.967849,6.222698,4.928572,6.090504,0.814886,0.869966,0.965112,0.000704,0.785774,0.785774
666.515148,8.713851,10.651749,8.620397,10.462573,0.470151,0.470151,0.964287,0.000703,0.785773,0.785773
667.148495,9.586202,7.842202,9.788129,7.943397,0.470247,1.356773,0.963842,0.000702,0.785773,0.785773
668.975849,3.111240,3.873380,3.108737,3.770010,1.001253,1.001253,0.962561,0.000700,0.785772,0.785772
670.323585,2.940867,3.245475,2.976439,3.178100,1.001685,1.586508,0.961618,0.000699,0.785771,0.785771
672.458184,11.356710,14.910793,11.123970,14.576228,0.435382,0.435382,0.960130,0.000696,0.785770,0.785770
673.043578,9.153494,8.355785,9.285997,8.381257,0.435463,0.976208,0.959722,0.000695,0.785770,0.785770
674.355898,3.566852,3.744485,3.615820,3.684175,0.976614,1.327468,0.958811,0.000694,0.785769,0.785769
676.139674,4.822363,6.731463,4.717822,6.517338,0.812002,0.812002,0.957575,0.000692,0.785768,0.785768
677.230181,10.156709,12.282497,10.029375,12.042426,0.424771,0.424771,0.956821,0.000691,0.785767,0.785767
677.800445,11.710496,9.480088,11.993523,9.645099,0.424847,1.446607,0.956427,0.000690,0.785767,0.785767
679.742198,2.425348,2.935400,2.446414,2.838803,1.447491,1.604812,0.955090,0.000688,0.785766,0.785766
681.894992,8.531565,11.673515,8.304231,11.329732,0.527948,0.527948,0.953612,0.000685,0.785765,0.785765
682.602735,6.680224,6.574727,6.762347,6.535675,0.528064,1.052643,0.953127,0.000685,0.785764,0.785764
684.013550,5.145868,6.534881,5.080377,6.346381,0.715908,0.715908,0.952162,0.000683,0.785764,0.785764
684.972630,5.222833,5.277886,5.292281,5.220629,0.716122,0.888987,0.951508,0.000682,0.785763,0.785763
686.163224,3.866836,3.624499,3.969001,3.597209,0.889316,1.343259,0.950697,0.000681,0.785763,0.785763
687.961543,3.126512,4.212999,3.089315,4.046121,1.051845,1.051845,0.949474,0.000679,0.785762,0.785762
689.368941,4.075008,5.282362,4.024434,5.100257,0.826795,0.826795,0.948521,0.000677,0.785761,0.785761
690.474735,3.715853,3.804527,3.786097,3.740146,0.827077,1.478657,0.947773,0.000676,0.785760,0.785760
692.451684,7.881336,10.700677,7.654739,10.339964,0.542807,0.542807,0.946439,0.000674,0.785759,0.785759
693.176970,6.673180,6.448683,6.780871,6.417590,0.542928,1.015764,0.945950,0.000673,0.785759,0.785759
694.533909,4.271261,5.110120,4.259309,4.957329,0.892987,0.892987,0.945038,0.000671,0.785758,0.785758
695.726336,5.288859,6.112326,5.278523,5.958404,0.674040,0.674040,0.944239,0.000670,0.785758,0.785758
696.626070,5.564132,4.432860,5.787155,4.508346,0.674225,1.877917,0.943636,0.000669,0.785757,0.785757
699.132095,4.319885,6.495066,4.150964,6.181318,0.873404,0.873404,0.941963,0.000666,0.785756,0.785756
700.296739,5.442217,7.076891,5.334680,6.821675,0.753951,0.753951,0.941187,0.000665,0.785755,0.785755
701.301743,5.894472,6.755631,5.879177,6.589152,0.694594,0.694594,0.940520,0.000664,0.785755,0.785755
702.227343,5.273765,4.666396,5.442570,4.680162,0.694788,1.356020,0.939905,0.000663,0.785754,0.785754
704.033839,4.182250,5.659787,4.089179,5.411482,0.820121,0.820121,0.938709,0.000661,0.785753,0.785753
705.125814,4.799464,5.433442,4.812801,5.288382,0.795497,0.795497,0.937988,0.000660,0.785753,0.785753
706.184655,4.229785,3.767450,4.387066,3.763035,0.795750,1.566500,0.937290,0.000659,0.785752,0.785752
708.269071,4.748660,6.729351,4.587001,6.406981,0.722308,0.722308,0.935919,0.000657,0.785751,0.785751
709.229589,4.254481,4.346862,4.340651,4.268613,0.722515,1.429723,0.935288,0.000656,0.785751,0.785751
711.130274,7.924891,10.792456,7.641913,10.345277,0.579545,0.579545,0.934044,0.000654,0.785750,0.785750
711.900290,7.729375,8.379377,7.741770,8.223054,0.579678,0.639208,0.933541,0.000653,0.785749,0.785749
712.749383,6.528616,5.748081,6.741780,5.788350,0.639369,1.004044,0.932987,0.000652,0.785749,0.785749
714.082772,3.535285,3.208035,3.686938,3.184637,1.004441,1.528916,0.932118,0.000651,0.785748,0.785748
716.112396,3.196385,4.609265,3.101743,4.340338,1.032770,1.032770,0.930800,0.000649,0.785747,0.785747
717.482570,3.985349,5.303304,3.903253,5.044912,0.950274,0.950274,0.929912,0.000647,0.785747,0.785747
718.742787,5.172563,6.564696,5.078694,6.292080,0.719873,0.719873,0.929098,0.000646,0.785746,0.785746
719.697101,4.769873,4.635084,4.899870,4.582588,0.720074,1.248066,0.928482,0.000645,0.785746,0.785746
721.351162,5.072653,6.740029,4.935745,6.419822,0.699307,0.699307,0.927416,0.000643,0.785745,0.785745
722.277505,4.934192,4.822287,5.064270,4.765205,0.699496,1.184260,0.926821,0.000642,0.785744,0.785744
723.845821,6.656756,8.449466,6.497219,8.101600,0.541509,0.541509,0.925815,0.000641,0.785744,0.785744
724.562614,7.495222,6.004712,7.845291,6.161695,0.541622,1.884353,0.925356,0.000640,0.785743,0.785743
727.056403,4.221352,6.394773,4.001519,5.984590,1.020126,1.020126,0.923763,0.000637,0.785742,0.785742
728.405482,26.160265,31.062312,25.512888,30.222499,0.267233,0.267233,0.922904,0.000636,0.785741,0.785741
728.758750,24.704028,21.438146,25.350337,21.885736,0.267261,1.254137,0.922679,0.000636,0.785741,0.785741
730.416482,4.590982,5.746647,4.525506,5.481671,0.757560,0.757560,0.921627,0.000634,0.785740,0.785740
731.417355,4.715786,4.539129,4.868439,4.488724,0.757778,1.060492,0.920993,0.000633,0.785740,0.785740
732.818053,3.123406,3.224078,3.231551,3.127291,1.060919,1.493325,0.920107,0.000632,0.785739,0.785739
734.789643,4.908962,6.957122,4.694440,6.538216,0.739521,0.739521,0.918863,0.000630,0.785738,0.785738
735.765459,4.686589,5.144991,4.736296,4.986641,0.739727,0.975980,0.918249,0.000629,0.785738,0.785738
737.052929,3.624403,4.153722,3.662729,3.981646,0.976338,1.158357,0.917440,0.000628,0.785737,0.785737
738.580421,3.906569,5.226648,3.809630,4.917989,1.008348,1.008348,0.916482,0.000626,0.785737,0.785737
739.909524,8.578148,10.916604,8.303944,10.428508,0.504161,0.504161,0.915651,0.000625,0.785736,0.785736
740.573807,8.532681,7.591421,8.833785,7.673638,0.504256,0.898413,0.915236,0.000624,0.785736,0.785736
741.757336,4.251205,3.560145,4.511418,3.598678,0.898714,1.623248,0.914498,0.000623,0.785735,0.785735
743.895013,3.067918,4.482349,2.950725,4.144745,1.101706,1.101706,0.913168,0.000621,0.785734,0.785734
745.344990,4.392221,6.044379,4.231509,5.661605,0.877418,0.877418,0.912269,0.000620,0.785734,0.785734
746.499306,4.920995,6.148752,4.835696,5.838470,0.877702,0.893625,0.911554,0.000619,0.785733,0.785733
747.674564,10.154317,12.314887,9.896050,11.828819,0.432175,0.432175,0.910828,0.000617,0.785733,0.785733
748.242754,11.745284,9.511789,12.311206,9.844490,0.432244,1.835807,0.910477,0.000617,0.785732,0.785732
750.655950,32.652798,38.241678,31.750676,37.108796,0.236315,0.236315,0.908991,0.000615,0.785731,0.785731
750.966381,31.563218,27.500004,32.490888,28.190399,0.236336,1.462669,0.908800,0.000614,0.785731,0.785731
752.887622,3.081901,4.028930,3.046815,3.756934,1.092879,1.092879,0.907622,0.000613,0.785730,0.785730
754.322370,3.361347,4.354758,3.317172,4.071949,1.093314,1.155945,0.906744,0.000611,0.785730,0.785730
755.839309,5.488298,7.432977,5.259069,6.963738,0.708172,0.708172,0.905818,0.000610,0.785729,0.785729
756.768248,5.166067,5.521374,5.247363,5.358786,0.708353,1.016832,0.905252,0.000609,0.785729,0.785729
758.101729,6.276126,7.784102,6.128632,7.390583,0.609119,0.609119,0.904441,0.000608,0.785728,0.785728
758.900238,6.582781,5.756476,6.906493,5.829716,0.609253,1.054547,0.903956,0.000607,0.785728,0.785728
760.282367,3.284549,2.996847,3.500819,2.960711,1.054948,1.845350,0.903118,0.000606,0.785727,0.785727
762.700033,6.829161,9.732553,6.397235,9.050723,0.682083,0.682083,0.901656,0.000604,0.785726,0.785726
763.593066,8.227462,9.817487,8.058996,9.395072,0.545823,0.545823,0.901117,0.000603,0.785726,0.785726
764.307523,7.717437,6.571144,8.119618,6.714568,0.545929,1.360143,0.900687,0.000602,0.785725,0.785725
766.087540,4.151573,5.560251,4.018227,5.167917,0.864584,0.864584,0.899617,0.000600,0.785724,0.785724
767.218472,4.862240,5.702712,4.848171,5.426641,0.812892,0.812892,0.898938,0.000599,0.785724,0.785724
768.281462,4.495238,4.487846,4.663463,4.390761,0.813127,1.080058,0.898302,0.000598,0.785724,0.785724
769.693407,3.500768,3.974060,3.566313,3.772484,1.054060,1.054060,0.897457,0.000597,0.785723,0.785723
771.070839,3.054372,3.400869,3.148205,3.225625,1.054452,1.447428,0.896636,0.000596,0.785722,0.785722
772.961618,4.456926,6.451032,4.191935,5.917218,0.885489,0.885489,0.895510,0.000594,0.785722,0.785722
774.117745,6.011388,7.711766,5.808433,7.237074,0.712596,0.712596,0.894824,0.000593,0.785721,0.785721
775.047847,6.263961,6.888489,6.298620,6.647524,0.712773,0.729451,0.894273,0.000592,0.785721,0.785721
775.999712,5.535895,5.149110,5.800246,5.134045,0.729637,0.996522,0.893709,0.000592,0.785720,0.785720
777.299749,3.601484,3.420633,3.821239,3.358679,0.996869,1.424200,0.892941,0.000590,0.785720,0.785720
779.157077,3.607450,4.981324,3.472535,4.564819,0.914362,0.914362,0.891845,0.000589,0.785719,0.785719
780.348925,3.550514,4.089975,3.606705,3.861818,0.914652,1.372721,0.891144,0.000588,0.785719,0.785719
782.137664,16.067969,19.987609,15.345322,18.980450,0.353397,0.353397,0.890094,0.000586,0.785718,0.785718
782.597944,14.700927,12.596444,15.380858,12.985936,0.353440,1.298395,0.889825,0.000586,0.785718,0.785718
784.288823,3.534070,4.531394,3.484326,4.190607,1.114131,1.114131,0.888835,0.000584,0.785717,0.785717
785.739090,7.709243,9.996858,7.353524,9.348453,0.554915,0.554915,0.887989,0.000583,0.785716,0.785716
786.461147,7.752571,7.326162,8.045409,7.321520,0.555021,0.774289,0.887568,0.000583,0.785716,0.785716
787.468464,5.334885,4.193385,5.805950,4.363409,0.774494,1.991854,0.886981,0.000582,0.785716,0.785716
790.059092,7.392216,10.332681,6.873489,9.516239,0.594377,0.594377,0.885477,0.000579,0.785715,0.785715
790.831620,5.822011,5.938454,5.987189,5.801343,0.594497,1.228264,0.885030,0.000579,0.785714,0.785714
792.427708,15.706407,19.362093,15.002838,18.355223,0.354867,0.354867,0.884107,0.000577,0.785714,0.785714
792.888653,15.274279,13.022389,16.037184,13.476049,0.354909,1.228195,0.883841,0.000577,0.785713,0.785713
794.483792,4.062175,4.874404,4.057731,4.559707,0.864874,0.864874,0.882922,0.000576,0.785713,0.785713
795.606596,3.981524,3.903163,4.203361,3.811694,0.865127,1.276630,0.882276,0.000575,0.785712,0.785712
797.263470,3.251353,4.237166,3.203125,3.874899,1.113165,1.113165,0.881325,0.000573,0.785712,0.785712
798.707570,4.912794,6.446203,4.724485,5.942201,0.730074,0.730074,0.880498,0.000572,0.785711,0.785711
799.654336,4.588122,4.355929,4.854874,4.303160,0.730253,1.503991,0.879957,0.000571,0.785711,0.785711
801.604246,6.132944,8.586917,5.705234,7.840236,0.723653,0.723653,0.878844,0.000570,0.785710,0.785710
802.541985,8.333336,9.918292,8.128099,9.390208,0.541179,0.541179,0.878310,0.000569,0.785710,0.785710
803.243096,8.209798,7.019756,8.738646,7.220852,0.541276,1.172817,0.877911,0.000568,0.785709,0.785709
804.762239,4.078201,4.731405,4.118070,4.442189,0.849093,0.849093,0.877049,0.000567,0.785709,0.785709
805.861636,3.984238,3.512934,4.327458,3.523913,0.849332,1.769263,0.876426,0.000566,0.785708,0.785708
808.151815,5.191937,7.586271,4.766448,6.830592,0.808529,0.808529,0.875131,0.000564,0.785708,0.785708
809.197783,6.407519,8.018356,6.189739,7.466985,0.683526,0.683526,0.874541,0.000564,0.785707,0.785707
810.081805,6.010235,6.182766,6.183664,6.018494,0.683680,0.852688,0.874043,0.000563,0.785707,0.785707
811.184359,4.444355,4.291494,4.709624,4.215904,0.852926,1.227496,0.873423,0.000562,0.785706,0.785706
812.771108,3.798404,4.877083,3.723583,4.460381,0.986575,0.986575,0.872533,0.000561,0.785706,0.785706
814.045914,5.862077,7.257331,5.698755,6.749731,0.638386,0.638386,0.871819,0.000560,0.785705,0.785705
814.870540,6.057817,5.120113,6.551769,5.265408,0.638519,1.438053,0.871358,0.000559,0.785705,0.785705
816.727738,2.908889,3.891644,2.860530,3.494791,1.280485,1.280485,0.870321,0.000557,0.785704,0.785704
818.380669,6.409593,8.746918,5.978091,7.966191,0.638577,0.638577,0.869401,0.000556,0.785704,0.785704
819.204642,5.606016,5.606801,5.838834,5.486019,0.638709,1.176112,0.868943,0.000555,0.785703,0.785703
820.721898,5.693457,7.517094,5.403314,6.872029,0.768904,0.768904,0.868101,0.000554,0.785703,0.785703
821.713454,13.102978,15.300964,12.701606,14.541023,0.375647,0.375647,0.867551,0.000554,0.785702,0.785702
822.197757,16.839248,13.655748,18.020633,14.472671,0.375692,1.806334,0.867283,0.000553,0.785702,0.785702
824.526294,2.993870,4.282288,2.855746,3.781956,1.174367,1.174367,0.865998,0.000551,0.785701,0.785701
826.039287,5.895006,7.978281,5.522501,7.242226,0.672838,0.672838,0.865164,0.000550,0.785701,0.785701
826.905811,5.346559,5.381952,5.580282,5.247931,0.672982,1.113993,0.864688,0.000549,0.785700,0.785700
828.340174,4.409725,5.565814,4.309417,5.096071,0.852157,0.852157,0.863901,0.000548,0.785700,0.785700
829.437011,4.295915,4.655175,4.435656,4.422306,0.852388,1.133738,0.863300,0.000547,0.785700,0.785700
830.895884,5.442326,7.001868,5.219102,6.404448,0.702698,0.702698,0.862502,0.000546,0.785699,0.785699
831.799778,5.575042,5.483433,5.855801,5.385954,0.702855,0.936107,0.862008,0.000546,0.785699,0.785699
833.003641,3.945905,3.749731,4.261320,3.684197,0.936384,1.282054,0.861352,0.000545,0.785698,0.785698
834.651915,2.725314,3.346262,2.788838,3.028095,1.282572,1.588679,0.860455,0.000543,0.785698,0.785698
836.693576,10.799896,14.405731,9.942785,13.167943,0.508964,0.508964,0.859347,0.000542,0.785697,0.785697
837.347335,8.816484,9.194482,8.957207,8.949385,0.509045,0.702093,0.858993,0.000541,0.785697,0.785697
838.249022,6.200157,5.883796,6.562205,5.855970,0.702247,0.947329,0.858505,0.000541,0.785696,0.785696
839.465395,4.131237,4.059760,4.418282,3.954274,0.947610,1.223877,0.857848,0.000540,0.785696,0.785696
841.036390,4.365677,5.528999,4.260011,5.029719,0.783212,0.783212,0.857001,0.000539,0.785695,0.785695
842.041354,4.341168,3.964258,4.730595,3.956472,0.783403,1.656385,0.856460,0.000538,0.785695,0.785695
844.166197,9.498061,12.618109,8.764810,11.489039,0.499000,0.499000,0.855319,0.000536,0.785694,0.785694
844.805994,8.037938,7.360368,8.529343,7.450740,0.499077,1.083322,0.854976,0.000536,0.785694,0.785694
846.194770,3.503273,3.979473,3.620745,3.694022,1.083685,1.386581,0.854233,0.000535,0.785694,0.785694
847.971718,13.625400,17.260445,12.711644,15.943607,0.404036,0.404036,0.853284,0.000533,0.785693,0.785693
848.489281,11.894792,10.511049,12.630816,10.838225,0.404086,1.071961,0.853008,0.000533,0.785693,0.785693
849.862274,6.100766,7.183390,6.019966,6.691786,0.611663,0.611663,0.852277,0.000532,0.785692,0.785692
850.645448,7.122158,5.591203,7.920511,5.974162,0.611777,1.966677,0.851860,0.000531,0.785692,0.785692
853.163113,5.689781,8.195234,5.133846,7.227061,0.728783,0.728783,0.850524,0.000530,0.785691,0.785691
854.095512,5.237705,6.035645,5.252649,5.634426,0.728945,0.931274,0.850031,0.000529,0.785691,0.785691
855.286710,4.701826,5.627814,4.673854,5.180911,0.931538,0.936393,0.849401,0.000528,0.785690,0.785690
856.484117,6.193716,7.502963,6.035097,6.922676,0.646618,0.646618,0.848770,0.000527,0.785690,0.785690
857.310741,6.240998,5.447776,6.806985,5.587697,0.646745,1.246577,0.848334,0.000527,0.785690,0.785690
858.904026,3.356969,4.042514,3.412919,3.671433,1.179234,1.179234,0.847496,0.000525,0.785689,0.785689
860.410671,6.404111,8.278525,6.047947,7.493975,0.595390,0.595390,0.846705,0.000524,0.785689,0.785689
861.171098,6.550898,5.546347,7.201494,5.763854,0.595497,1.580800,0.846307,0.000524,0.785688,0.785688
863.189720,4.135002,5.893072,3.817048,5.142971,0.901868,0.901868,0.845251,0.000522,0.785688,0.785688
864.340824,4.543856,5.647583,4.454815,5.123444,0.902113,0.982626,0.844650,0.000522,0.785687,0.785687
865.594664,6.450386,8.155951,6.147937,7.415920,0.649932,0.649932,0.843997,0.000521,0.785687,0.785687
866.423740,6.264830,6.033864,6.653331,5.980388,0.650059,0.995293,0.843565,0.000520,0.785687,0.785687
867.693123,4.970776,5.570284,5.062878,5.217999,0.766562,0.766562,0.842906,0.000519,0.785686,0.785686
868.670494,4.998370,4.135216,5.622762,4.311495,0.766737,1.707367,0.842399,0.000518,0.785686,0.785686
870.846902,3.625051,5.331382,3.317690,4.577563,1.053199,1.053199,0.841272,0.000517,0.785685,0.785685
872.188751,6.186993,8.269963,5.741701,7.376114,0.714649,0.714649,0.840579,0.000516,0.785685,0.785685
873.098979,7.112482,8.068288,7.077081,7.580291,0.635628,0.635628,0.840110,0.000515,0.785684,0.785684
873.908389,6.641871,5.577313,7.354866,5.833237,0.635748,1.631288,0.839693,0.000515,0.785684,0.785684
875.985285,10.339972,13.510220,9.487250,12.201649,0.483706,0.483706,0.838625,0.000513,0.785684,0.785684
876.600826,9.204317,8.593602,9.754954,8.683029,0.483775,0.828275,0.838310,0.000513,0.785683,0.785683
877.654698,4.992748,4.335514,5.565545,4.443705,0.828477,1.357053,0.837770,0.000512,0.785683,0.785683
879.380952,3.115137,3.934920,3.132179,3.487004,1.143244,1.143244,0.836887,0.000511,0.785682,0.785682
880.834649,3.334711,4.305991,3.294845,3.799577,1.143626,1.220999,0.836144,0.000510,0.785682,0.785682
882.386697,5.330212,7.354096,4.891705,6.447899,0.821322,0.821322,0.835354,0.000509,0.785681,0.785681
883.430332,7.564009,9.276202,7.241839,8.482906,0.604870,0.604870,0.834823,0.000508,0.785681,0.785681
884.198743,7.382690,7.011167,7.861215,7.013890,0.604977,0.845224,0.834433,0.000508,0.785681,0.785681
885.272304,4.925077,4.367587,5.479695,4.443100,0.845431,1.244644,0.833888,0.000507,0.785681,0.785681
886.852802,3.104115,3.573161,3.260884,3.249815,1.245093,1.278390,0.833088,0.000506,0.785680,0.785680
888.475567,3.742902,5.062269,3.568849,4.407286,0.992762,0.992762,0.832268,0.000505,0.785680,0.785680
889.735294,4.621543,5.821933,4.493638,5.210632,0.849662,0.849662,0.831633,0.000504,0.785679,0.785679
890.813132,4.261663,4.582559,4.480200,4.314416,0.849869,1.240539,0.831090,0.000503,0.785679,0.785679
892.386433,7.238228,9.462403,6.705541,8.441996,0.577923,0.577923,0.830299,0.000502,0.785678,0.785678
893.119118,6.853334,6.150411,7.484104,6.288612,0.578019,1.394135,0.829932,0.000502,0.785678,0.785678
894.886292,13.089337,16.382938,12.125316,14.926193,0.403787,0.403787,0.829046,0.000500,0.785678,0.785678
895.397920,12.847157,11.063299,13.923325,11.640878,0.403833,0.974272,0.828790,0.000500,0.785677,0.785677
896.632252,4.202143,3.468668,4.857975,3.623335,0.974543,2.044309,0.828174,0.000499,0.785677,0.785677
899.221523,11.226086,15.002118,10.059060,13.337514,0.503509,0.503509,0.826883,0.000498,0.785676,0.785676
899.858885,8.567352,8.795882,8.833900,8.559568,0.503581,0.782877,0.826566,0.000497,0.785676,0.785676
900.849740,5.314097,5.307127,5.679941,5.166422,0.783051,1.101227,0.826074,0.000496,0.785676,0.785676
902.243208,5.711091,7.072468,5.515144,6.368105,0.677057,0.677057,0.825383,0.000496,0.785675,0.785675
903.099674,5.836093,5.193286,6.471660,5.316143,0.677187,1.267632,0.824959,0.000495,0.785675,0.785675
904.702903,3.963029,4.949711,3.921986,4.395069,0.891439,0.891439,0.824166,0.000494,0.785674,0.785674
905.829941,3.858558,3.918095,4.205889,3.748759,0.891662,1.445273,0.823610,0.000493,0.785674,0.785674
907.656729,8.084977,10.688548,7.367785,9.454817,0.535682,0.535682,0.822710,0.000492,0.785674,0.785674
908.333544,7.470550,6.541360,8.240016,6.789170,0.535762,1.466659,0.822377,0.000492,0.785673,0.785673
910.186334,4.944091,6.876988,4.504361,5.915840,0.830420,0.830420,0.821467,0.000490,0.785673,0.785673
911.234951,5.654244,6.853870,5.524049,6.198829,0.830612,0.868218,0.820954,0.000490,0.785673,0.785673
912.331046,12.867665,15.234237,12.238189,14.076702,0.390564,0.390564,0.820417,0.000489,0.785672,0.785672
912.823999,15.777737,12.897983,17.411721,13.997946,0.390606,1.510352,0.820176,0.000489,0.785672,0.785672
914.730097,2.881340,3.473184,3.013435,3.071754,1.288080,1.288080,0.819246,0.000487,0.785671,0.785671
916.355001,3.380023,4.626218,3.229277,3.941162,1.166000,1.166000,0.818455,0.000486,0.785671,0.785671
917.825378,5.687161,7.757759,5.178507,6.713295,0.802100,0.802100,0.817740,0.000485,0.785671,0.785671
918.836535,9.732644,11.721238,9.257147,10.706329,0.485424,0.485424,0.817250,0.000485,0.785670,0.785670
919.448344,10.225317,8.522087,11.375480,9.127404,0.485489,1.355390,0.816953,0.000484,0.785670,0.785670
921.156396,3.683484,4.652769,3.654258,4.078280,1.067087,1.067087,0.816127,0.000483,0.785670,0.785670
922.500629,6.413397,8.112033,6.061144,7.212446,0.623407,0.623407,0.815478,0.000483,0.785669,0.785669
923.285720,6.538776,5.756739,7.293629,5.959628,0.623513,1.181572,0.815099,0.000482,0.785669,0.785669
924.773484,3.179493,3.455529,3.462308,3.184973,1.181953,1.412585,0.814382,0.000481,0.785668,0.785668
926.551553,3.899005,5.527070,3.575757,4.650353,1.032630,1.032630,0.813528,0.000480,0.785668,0.785668
927.850859,6.851057,8.963695,6.308830,7.865716,0.646158,0.646158,0.812905,0.000479,0.785668,0.785668
928.663659,6.340470,6.402790,6.725297,6.227352,0.646272,0.962437,0.812516,0.000479,0.785667,0.785667
929.874093,4.897204,5.570767,5.005738,5.116346,0.902788,0.902788,0.811937,0.000478,0.785667,0.785667
931.009211,5.957764,6.721951,6.026002,6.224196,0.671044,0.671044,0.811395,0.000477,0.785667,0.785667
931.852741,6.443157,5.100748,7.486151,5.573374,0.671165,2.015069,0.810992,0.000477,0.785666,0.785666
934.385307,11.008594,14.577352,9.789149,12.790931,0.485712,0.485712,0.809787,0.000475,0.785666,0.785666
934.995425,8.630501,8.191392,9.258886,8.247351,0.485775,0.981892,0.809497,0.000475,0.785666,0.785666
936.228649,4.331815,4.800376,4.540852,4.434400,0.982151,1.038737,0.808912,0.000474,0.785665,0.785665
937.532926,3.885673,4.574376,3.993101,4.104528,1.039026,1.188074,0.808295,0.000473,0.785665,0.785665
939.024301,9.065093,11.597452,8.308911,10.262598,0.507327,0.507327,0.807590,0.000472,0.785664,0.785664
939.660941,8.819285,7.705085,9.782371,8.084163,0.507396,1.192346,0.807289,0.000472,0.785664,0.785664
941.157000,5.116216,6.199506,5.039896,5.537803,0.713806,0.713806,0.806584,0.000471,0.785664,0.785664
942.052342,5.445813,4.551041,6.314486,4.830187,0.713942,1.702993,0.806162,0.000470,0.785664,0.785664
944.188036,4.221124,6.109637,3.761568,5.062126,0.913851,0.913851,0.805159,0.000469,0.785663,0.785663
945.333563,4.517246,5.699513,4.394106,4.985433,0.914072,1.142886,0.804622,0.000468,0.785663,0.785663
946.765842,32.853572,38.292833,30.686993,35.533643,0.250106,0.250106,0.803951,0.000468,0.785662,0.785662
947.079183,31.535815,27.711336,33.843991,29.420064,0.250122,1.011743,0.803805,0.000467,0.785662,0.785662
948.346646,4.484553,3.993770,5.177362,4.084704,1.012013,1.441185,0.803213,0.000467,0.785662,0.785662
950.151613,5.220790,6.933118,4.839532,5.950037,0.704214,0.704214,0.802371,0.000466,0.785661,0.785661
951.033249,5.184763,4.783721,5.839312,4.832220,0.704344,1.353937,0.801961,0.000465,0.785661,0.785661
952.727989,3.575529,4.790742,3.436638,4.045353,1.120248,1.120248,0.801174,0.000464,0.785661,0.785661
954.129719,7.767812,10.039950,7.108147,8.771985,0.559268,0.559268,0.800524,0.000463,0.785660,0.785660
954.829309,7.375499,6.462459,8.294074,6.767675,0.559350,1.476086,0.800200,0.000463,0.785660,0.785660
956.675479,6.787657,9.181257,6.063610,7.844105,0.667531,0.667531,0.799346,0.000462,0.785659,0.785659
957.510053,7.120243,7.785252,7.256716,7.304174,0.667647,0.723620,0.798961,0.000461,0.785659,0.785659
958.414593,6.434734,6.168528,7.042049,6.154174,0.723756,0.835803,0.798544,0.000461,0.785659,0.785659
959.459169,5.037446,4.072192,6.002976,4.412587,0.835984,1.769007,0.798063,0.000460,0.785659,0.785659
961.669572,3.529818,5.218425,3.152197,4.217612,1.211033,1.211033,0.797048,0.000459,0.785658,0.785658
963.182087,23.077680,27.829093,21.150267,25.277197,0.308319,0.308319,0.796354,0.000458,0.785658,0.785658
963.567040,20.428227,17.827972,22.240009,19.008740,0.308344,1.192304,0.796178,0.000458,0.785658,0.785658
965.055580,4.729919,5.734067,4.699620,5.071358,0.845443,0.845443,0.795497,0.000457,0.785657,0.785657
966.110755,4.821255,5.050305,5.190851,4.784072,0.845627,1.010095,0.795015,0.000456,0.785657,0.785657
967.371154,4.178297,4.626592,4.436590,4.246582,1.010357,1.014164,0.794441,0.000456,0.785657,0.785657
968.636302,3.810673,4.185100,4.108916,3.842586,1.014427,1.194164,0.793865,0.000455,0.785656,0.785656
970.125611,4.849961,6.218441,4.632131,5.358452,0.758662,0.758662,0.793188,0.000454,0.785656,0.785656
971.071491,4.698620,4.319652,5.394976,4.369928,0.758809,1.695797,0.792759,0.000453,0.785656,0.785656
973.185361,9.770901,13.111585,8.523123,11.219235,0.551942,0.551942,0.791801,0.000452,0.785655,0.785655
973.873079,8.397849,8.843450,8.665077,8.460976,0.552019,0.723663,0.791491,0.000452,0.785655,0.785655
974.774635,6.066455,5.713853,6.759207,5.752761,0.723796,1.127067,0.791083,0.000451,0.785655,0.785655
976.178502,6.684205,8.140316,6.418724,7.219186,0.593219,0.593219,0.790450,0.000451,0.785654,0.785654
976.917202,7.579137,6.179271,8.841098,6.780680,0.593308,1.485456,0.790118,0.000450,0.785654,0.785654
978.766672,2.838908,3.618747,2.934457,3.054020,1.455367,1.455367,0.789286,0.000449,0.785654,0.785654
980.578001,8.670493,11.661926,7.583315,9.914575,0.571174,0.571174,0.788473,0.000448,0.785653,0.785653
981.288615,7.374856,7.457679,7.847986,7.265607,0.571256,0.890605,0.788155,0.000448,0.785653,0.785653
982.396485,4.986742,5.319177,5.327827,4.991876,0.890804,0.947669,0.787659,0.000447,0.785653,0.785653
983.575076,4.108068,4.268567,4.544844,4.034108,0.947894,1.296349,0.787133,0.000446,0.785652,0.785652
985.186929,5.786398,7.717701,5.259905,6.519141,0.759135,0.759135,0.786414,0.000446,0.785652,0.785652
986.130515,9.145635,10.533663,8.914595,9.626609,0.503318,0.503318,0.785994,0.000445,0.785652,0.785652
986.756008,10.745636,8.546450,12.494375,9.613731,0.503381,1.799969,0.785716,0.000445,0.785652,0.785652
988.992622,3.770828,5.402007,3.405726,4.357538,0.991359,0.991359,0.784722,0.000443,0.785651,0.785651
990.223918,4.603229,5.904162,4.419863,5.038825,0.926436,0.926436,0.784177,0.000443,0.785651,0.785651
991.374294,4.631267,5.604689,4.629621,4.918089,0.926648,1.090995,0.783668,0.000442,0.785650,0.785650
992.728696,14.569157,17.889517,13.261999,15.895371,0.391494,0.391494,0.783069,0.000441,0.785650,0.785650
993.214581,14.437842,12.485626,16.080960,13.435651,0.391532,0.958925,0.782855,0.000441,0.785650,0.785650
994.404591,4.656864,4.021482,5.565078,4.233803,0.959151,1.451407,0.782330,0.000441,0.785650,0.785650
996.205336,3.458825,4.570261,3.382337,3.797943,1.053499,1.053499,0.781538,0.000440,0.785649,0.785649
997.511935,3.970792,4.957875,3.964997,4.253993,1.053771,1.061041,0.780964,0.000439,0.785649,0.785649
998.827547,5.170300,6.577978,4.926501,5.633865,0.777688,0.777688,0.780387,0.000438,0.785648,0.785648
999.791572,4.841684,4.861675,5.389173,4.704988,0.777836,1.257021,0.779965,0.000438,0.785648,0.785648
1001.349483,4.942531,6.562629,4.577028,5.491870,0.851359,0.851359,0.779284,0.000437,0.785648,0.785648
1002.404305,6.363312,7.553148,6.243991,6.725140,0.697087,0.697087,0.778823,0.000436,0.785648,0.785648
1003.267808,6.066720,5.630776,6.886919,5.737949,0.697205,1.136224,0.778447,0.000436,0.785647,0.785647
1004.675044,5.337281,6.363267,5.313529,5.624700,0.701334,0.701334,0.777834,0.000435,0.785647,0.785647
1005.543420,5.820481,4.729268,7.031153,5.220809,0.701453,1.989782,0.777457,0.000435,0.785647,0.785647
1008.006704,8.099284,11.253319,6.841611,9.279680,0.637647,0.637647,0.776388,0.000433,0.785646,0.785646
1008.795710,7.049682,7.966393,7.091190,7.287241,0.637745,0.817085,0.776046,0.000433,0.785646,0.785646
1009.806591,7.416253,8.504485,7.358375,7.722298,0.616981,0.616981,0.775609,0.000432,0.785646,0.785646
1010.569757,7.452481,6.254051,8.746178,6.818625,0.617073,1.487999,0.775279,0.000432,0.785646,0.785646
1012.410043,8.392599,10.813634,7.548745,9.240909,0.524622,0.524622,0.774485,0.000431,0.785645,0.785645
1013.058638,8.535249,7.278762,9.874007,7.883296,0.524689,1.319411,0.774206,0.000431,0.785645,0.785645
1014.689633,3.508281,4.306729,3.625169,3.688653,1.109070,1.109070,0.773504,0.000430,0.785645,0.785645
1016.060179,4.068816,5.107634,4.043097,4.344987,0.976356,0.976356,0.772916,0.000429,0.785644,0.785644
1017.266402,4.109753,4.821653,4.280621,4.252853,0.976584,1.084220,0.772399,0.000428,0.785644,0.785644
1018.605573,4.152923,5.226092,4.107819,4.439197,1.058340,1.058340,0.771826,0.000428,0.785644,0.785644
1019.912440,5.721451,7.404936,5.309021,6.248468,0.814113,0.814113,0.771267,0.000427,0.785643,0.785643
1020.917475,9.451004,11.176101,9.012416,9.989794,0.507884,0.507884,0.770838,0.000427,0.785643,0.785643
1021.544344,10.313311,8.642880,11.944847,9.521231,0.507945,1.086537,0.770571,0.000426,0.785643,0.785643
1022.885271,3.824977,3.324477,4.745902,3.490110,1.086817,1.929351,0.770000,0.000426,0.785643,0.785643
1025.265724,18.323786,22.807492,16.202229,19.933430,0.358582,0.358582,0.768988,0.000424,0.785642,0.785642
1025.707944,15.004842,13.129585,16.776264,14.142158,0.358612,1.427044,0.768801,0.000424,0.785642,0.785642
1027.467694,9.155493,11.918286,8.075681,10.079498,0.536429,0.536429,0.768055,0.000423,0.785641,0.785641
1028.128964,8.439078,7.956837,9.362385,8.115859,0.536496,0.891090,0.767776,0.000423,0.785641,0.785641
1029.227297,4.729064,4.427130,5.545181,4.475709,0.891277,1.355231,0.767311,0.000422,0.785641,0.785641
1030.897369,5.340537,7.057427,4.901290,5.850095,0.759635,0.759635,0.766607,0.000421,0.785641,0.785641
1031.833180,5.949626,6.366100,6.322663,5.967032,0.759770,0.795405,0.766213,0.000421,0.785640,0.785640
1032.812883,5.119513,4.448909,6.178842,4.732320,0.795553,1.461689,0.765801,0.000420,0.785640,0.785640
1034.612916,3.169240,4.251179,3.127000,3.433078,1.285891,1.285891,0.765045,0.000420,0.785640,0.785640
1036.195917,6.972548,9.458203,6.047213,7.756038,0.673438,0.673438,0.764381,0.000419,0.785639,0.785639
1037.024708,6.540606,7.124233,6.815179,6.617443,0.673543,0.863918,0.764034,0.000418,0.785639,0.785639
1038.087752,5.830915,6.499917,6.053471,5.937699,0.804432,0.804432,0.763590,0.000418,0.785639,0.785639
1039.077401,5.515124,5.449840,6.208976,5.355143,0.804582,0.964732,0.763176,0.000417,0.785639,0.785639
1040.264038,4.362935,4.321504,5.044883,4.212065,0.964948,1.103882,0.762682,0.000417,0.785638,0.785638
1041.621528,3.315002,3.422898,3.903365,3.217841,1.104164,1.628746,0.762116,0.000416,0.785638,0.785638
1043.623954,6.939006,9.665445,5.845440,7.779474,0.725017,0.725017,0.761284,0.000415,0.785638,0.785638
1044.514976,10.485808,12.404942,9.908717,11.031211,0.481840,0.481840,0.760914,0.000415,0.785638,0.785638
1045.107042,10.982626,9.078511,12.888055,10.181639,0.481894,1.613816,0.760669,0.000414,0.785637,0.785637
1047.089817,6.015302,8.212321,5.255887,6.651529,0.730624,0.730624,0.759848,0.000413,0.785637,0.785637
1047.987147,6.433989,7.192467,6.610700,6.563588,0.730746,0.787187,0.759478,0.000413,0.785637,0.785637
1048.953785,5.949802,6.063467,6.551444,5.855629,0.787329,0.849118,0.759079,0.000412,0.785636,0.785636
1049.996284,4.943003,4.412475,5.972671,4.629134,0.849283,1.287398,0.758649,0.000412,0.785636,0.785636
1051.576572,3.099039,3.616650,3.439128,3.142752,1.287777,1.360242,0.757999,0.000411,0.785636,0.785636
1053.245785,3.821239,5.366841,3.483428,4.214489,1.251467,1.251467,0.757313,0.000410,0.785636,0.785636
1054.781039,64.968681,72.829362,60.457691,67.502636,0.180287,0.180287,0.756683,0.000410,0.785635,0.785635
1055.002146,60.711786,54.854974,65.309400,58.629416,0.180295,1.375366,0.756593,0.000410,0.785635,0.785635
1056.688847,17.845938,21.344257,16.204419,18.879084,0.335401,0.335401,0.755903,0.000409,0.785635,0.785635
1057.100044,20.539975,17.211010,23.479015,19.319875,0.335427,1.658979,0.755735,0.000409,0.785635,0.785635
1059.133769,4.548511,6.115414,4.195150,4.933047,0.820732,0.820732,0.754905,0.000408,0.785634,0.785634
1060.139519,4.647138,4.875628,5.196278,4.592045,0.820884,1.111477,0.754495,0.000407,0.785634,0.785634
1061.501304,3.758266,4.463787,3.986833,3.857615,1.111756,1.154446,0.753941,0.000406,0.785634,0.785634
1062.915382,4.423289,5.743719,4.236240,4.720165,0.944136,0.944136,0.753367,0.000406,0.785633,0.785633
1064.071551,5.140601,6.241594,5.103113,5.364600,0.857867,0.857867,0.752898,0.000405,0.785633,0.785633
1065.121855,4.848336,5.278519,5.269971,4.857138,0.858032,1.095814,0.752473,0.000405,0.785633,0.785633
1066.463223,5.872837,7.414815,5.535073,6.231908,0.780886,0.780886,0.751930,0.000404,0.785633,0.785633
1067.418860,10.229583,11.664311,9.965341,10.550973,0.466781,0.466781,0.751544,0.000404,0.785632,0.785632
1067.990000,13.115108,10.389027,15.732473,12.151519,0.466830,2.080229,0.751314,0.000403,0.785632,0.785632
1070.535042,4.913890,7.169977,4.083303,5.488129,0.886092,0.886092,0.750289,0.000402,0.785632,0.785632
1071.618623,6.240394,7.902953,5.818580,6.626524,0.756869,0.756869,0.749853,0.000402,0.785631,0.785631
1072.543998,6.146675,6.757081,6.456154,6.207837,0.756996,0.839602,0.749482,0.000401,0.785631,0.785631
1073.570353,5.330035,5.527657,5.930423,5.265697,0.839758,0.963357,0.749070,0.000401,0.785631,0.785631
1074.747771,4.310190,4.502990,4.916986,4.244527,0.963562,1.242984,0.748599,0.000400,0.785631,0.785631
1076.266626,8.181683,10.368250,7.390245,8.710271,0.538168,0.538168,0.747991,0.000400,0.785630,0.785630
1076.924056,8.582859,7.234658,10.285094,8.064974,0.538232,1.410721,0.747729,0.000399,0.785630,0.785630
1078.647198,3.942705,5.081829,3.888148,4.155046,0.952243,0.952243,0.747042,0.000398,0.785630,0.785630
1079.809965,4.102044,4.625081,4.485135,4.132974,0.952442,1.114848,0.746579,0.000398,0.785630,0.785630
1081.171002,3.576930,4.371814,3.768438,3.686087,1.115121,1.459817,0.746037,0.000397,0.785629,0.785629
1082.952750,31.362614,37.198363,27.971759,32.930240,0.280884,0.280884,0.745330,0.000396,0.785629,0.785629
1083.295467,24.915140,22.596522,27.340659,24.137876,0.280901,0.727666,0.745195,0.000396,0.785629,0.785629
1084.183264,7.428945,6.257186,9.042339,6.982116,0.727781,1.200594,0.744843,0.000396,0.785629,0.785629
1085.647831,3.935598,4.290027,4.451974,3.916399,1.036586,1.036586,0.744264,0.000395,0.785628,0.785628
1086.911999,3.552739,3.625561,4.275055,3.455376,1.036820,1.512151,0.743764,0.000395,0.785628,0.785628
1088.755725,4.971324,6.980577,4.293693,5.410716,0.852930,0.852930,0.743038,0.000394,0.785628,0.785628
1089.795338,5.526829,6.682594,5.467121,5.727080,0.853088,0.876261,0.742628,0.000393,0.785628,0.785628
1090.863191,6.311846,7.374728,6.320803,6.484435,0.710170,0.710170,0.742209,0.000393,0.785627,0.785627
1091.728473,5.938302,5.316374,7.182266,5.656672,0.710279,1.405648,0.741869,0.000392,0.785627,0.785627
1093.440873,6.197585,8.202016,5.518763,6.619162,0.692678,0.692678,0.741198,0.000392,0.785627,0.785627
1094.284458,6.220995,6.330918,6.934791,6.136170,0.692782,0.943294,0.740867,0.000391,0.785627,0.785627
1095.433085,5.379410,5.840029,5.837730,5.386752,0.795802,0.795802,0.740418,0.000391,0.785626,0.785626
1096.401918,5.182688,4.283145,6.653188,4.838126,0.795939,2.003826,0.740040,0.000390,0.785626,0.785626
1098.841015,14.930075,19.133503,12.622638,15.913658,0.427100,0.427100,0.739089,0.000389,0.785626,0.785626
1099.360667,11.203986,10.423514,12.591729,10.892778,0.427140,0.997705,0.738887,0.000389,0.785626,0.785626
1100.574461,4.842016,5.523231,5.144084,4.904071,0.997918,1.039730,0.738415,0.000389,0.785625,0.785625
1101.839111,7.770830,9.606105,7.211036,8.122567,0.586050,0.586050,0.737924,0.000388,0.785625,0.785625
1102.551780,8.087368,7.227566,9.554395,7.765700,0.586123,0.970898,0.737647,0.000388,0.785625,0.785625
1103.732297,4.393262,3.879467,5.604797,4.159189,0.971099,1.550520,0.737190,0.000387,0.785625,0.785625
1105.617189,4.149978,5.741140,3.772576,4.432395,0.952218,0.952218,0.736461,0.000386,0.785624,0.785624
1106.774372,5.246770,6.466483,5.150432,5.435770,0.823174,0.823174,0.736014,0.000386,0.785624,0.785624
1107.774532,4.869005,5.050503,5.562742,4.806079,0.823318,1.139608,0.735629,0.000385,0.785624,0.785624
1109.158919,4.153042,5.139789,4.235680,4.282325,1.058234,1.058234,0.735096,0.000385,0.785624,0.785624
1110.444143,5.418718,6.878797,5.141068,5.658630,0.823044,0.823044,0.734602,0.000384,0.785623,0.785623
1111.443505,6.014771,6.803356,6.252201,6.094487,0.815056,0.815056,0.734218,0.000384,0.785623,0.785623
1112.432995,6.084781,6.361701,6.718462,6.045244,0.794689,0.794689,0.733838,0.000383,0.785623,0.785623
1113.397595,5.490375,4.692934,6.958606,5.207063,0.794822,1.374224,0.733469,0.000383,0.785623,0.785623
1115.065359,3.017664,3.629812,3.396849,3.054307,1.374622,1.419237,0.732831,0.000382,0.785622,0.785622
1116.787254,4.766992,6.755854,4.081318,5.115167,0.971781,0.971781,0.732173,0.000381,0.785622,0.785622
1117.965920,8.904094,11.384252,7.836164,9.358372,0.592272,0.592272,0.731724,0.000381,0.785622,0.785622
1118.684135,9.060861,9.373316,9.680432,9.029796,0.592345,0.650817,0.731451,0.000381,0.785622,0.785622
1119.473247,7.701821,6.394438,9.596439,7.321166,0.650906,1.387981,0.731150,0.000380,0.785621,0.785621
1121.155938,3.898499,4.912257,3.973364,4.018707,1.074841,1.074841,0.730511,0.000380,0.785621,0.785621
1122.458621,8.382960,10.396908,7.672342,8.715526,0.530240,0.530240,0.730017,0.000379,0.785621,0.785621
1123.101117,9.184502,7.535074,11.369322,8.743619,0.530299,1.827056,0.729773,0.000379,0.785621,0.785621
1125.314729,16.928918,21.015081,14.581592,17.693500,0.370496,0.370496,0.728936,0.000378,0.785620,0.785620
1125.763442,15.255360,13.102780,17.851552,14.718274,0.370525,1.564450,0.728767,0.000378,0.785620,0.785620
1127.658024,7.354080,9.865647,6.245096,7.776465,0.637852,0.637852,0.728052,0.000377,0.785620,0.785620
1128.430225,6.606605,6.693345,7.429111,6.530754,0.637936,1.072950,0.727761,0.000377,0.785620,0.785620
1129.728997,8.654471,10.662102,7.943258,8.963427,0.547514,0.547514,0.727272,0.000376,0.785619,0.785619
1130.391598,9.185018,8.123325,10.940852,8.886274,0.547575,0.911925,0.727023,0.000376,0.785619,0.785619
1131.495086,4.992572,4.049337,6.659990,4.720554,0.912097,1.829620,0.726609,0.000375,0.785619,0.785619
1133.708626,4.559405,6.613807,3.808342,4.868552,0.973249,0.973249,0.725780,0.000374,0.785619,0.785619
1134.885655,8.810614,11.191839,7.794489,9.178568,0.559538,0.559538,0.725339,0.000374,0.785618,0.785618
1135.562214,8.074133,7.371815,9.558962,7.854142,0.559602,1.130751,0.725086,0.000374,0.785618,0.785618
1136.929293,4.472211,5.312196,4.705763,4.541206,1.011231,1.011231,0.724576,0.000373,0.785618,0.785618
1138.151590,6.130315,7.448226,5.975612,6.286235,0.695715,0.695715,0.724121,0.000372,0.785618,0.785618
1138.992342,6.084302,5.441649,7.537891,5.883364,0.695814,1.431355,0.723808,0.000372,0.785618,0.785618
1140.721848,11.466560,14.383420,10.001962,11.906633,0.446356,0.446356,0.723165,0.000371,0.785617,0.785617
1141.261023,11.868713,9.978450,14.363123,11.454640,0.446397,1.322725,0.722965,0.000371,0.785617,0.785617
1142.858660,3.142333,3.527233,3.760974,3.126708,1.323081,1.593060,0.722372,0.000371,0.785617,0.785617
1144.782300,9.200914,12.368615,7.522722,9.671880,0.582400,0.582400,0.721660,0.000370,0.785617,0.785617
1145.485328,7.643197,7.930275,8.347671,7.610957,0.582468,0.904313,0.721400,0.000369,0.785616,0.785616
1146.576815,6.215378,7.118650,6.410805,6.286913,0.766484,0.766484,0.720997,0.000369,0.785616,0.785616
1147.501777,6.109818,6.030162,7.129012,6.018010,0.766602,0.922863,0.720656,0.000369,0.785616,0.785616
1148.615277,4.780024,4.584681,5.900793,4.670817,0.923034,1.133441,0.720246,0.000368,0.785616,0.785616
1149.982601,3.581330,3.827716,4.334207,3.543893,1.133700,1.310215,0.719743,0.000368,0.785616,0.785616
1151.562815,3.676356,4.854514,3.647087,3.787499,1.144772,1.144772,0.719162,0.000367,0.785615,0.785615
1152.943129,5.862789,7.757334,5.230869,6.085679,0.785726,0.785726,0.718656,0.000366,0.785615,0.785615
1153.890304,7.095141,8.151007,7.171642,7.183695,0.669729,0.669729,0.718309,0.000366,0.785615,0.785615
1154.697520,6.649574,5.717758,8.416893,6.436507,0.669819,1.596554,0.718014,0.000366,0.785615,0.785615
1156.621568,7.846985,10.569394,6.510671,8.185120,0.672963,0.672963,0.717311,0.000365,0.785614,0.785614
1157.432315,11.444014,13.083390,11.027278,11.613942,0.472608,0.472608,0.717015,0.000365,0.785614,0.785614
1158.001609,12.614281,10.411610,15.492689,12.231400,0.472653,1.227970,0.716808,0.000364,0.785614,0.785614
1159.480657,3.529867,3.384569,4.646109,3.440661,1.228271,1.591126,0.716269,0.000364,0.785614,0.785614
1161.396645,4.544104,6.414267,3.929451,4.740025,0.906208,0.906208,0.715573,0.000363,0.785613,0.785613
1162.487529,4.892332,5.982025,4.949256,4.975957,0.906371,1.008250,0.715177,0.000363,0.785613,0.785613
1163.701032,5.820135,7.355788,5.493349,5.963209,0.861403,0.861403,0.714738,0.000362,0.785613,0.785613
1164.737586,11.837835,14.056952,10.919337,12.068989,0.443545,0.443545,0.714362,0.000362,0.785613,0.785613
1165.271228,13.440318,11.127000,16.468470,13.079600,0.443584,1.390153,0.714169,0.000362,0.785613,0.785613
1166.943613,4.074929,4.930051,4.342736,4.121687,0.950083,0.950083,0.713565,0.000361,0.785612,0.785612
1168.086272,4.075202,4.263026,4.928635,4.037133,0.950261,1.340648,0.713153,0.000360,0.785612,0.785612
1169.698357,6.716564,8.801411,5.910969,6.915581,0.636594,0.636594,0.712573,0.000360,0.785612,0.785612
1170.463639,6.440670,5.826245,8.006623,6.306983,0.636674,1.378572,0.712298,0.000359,0.785612,0.785612
1172.120682,4.366713,5.855041,4.084123,4.486550,0.986129,0.986129,0.711702,0.000359,0.785611,0.785611
1173.305688,6.058921,7.641316,5.693871,6.187405,0.771639,0.771639,0.711278,0.000358,0.785611,0.785611
1174.232767,6.337093,6.917119,6.860096,6.347053,0.771755,0.818045,0.710945,0.000358,0.785611,0.785611
1175.215452,5.452622,5.365518,6.572140,5.388021,0.818176,1.180135,0.710594,0.000358,0.785611,0.785611
1176.632876,13.301186,15.979806,11.961294,13.541052,0.394264,0.394264,0.710087,0.000357,0.785611,0.785611
1177.106304,16.612249,13.549442,20.408246,16.240190,0.394294,2.161173,0.709918,0.000357,0.785611,0.785611
1179.701224,6.668062,9.498751,5.190470,6.919721,0.793472,0.793472,0.708994,0.000356,0.785610,0.785610
1180.653544,10.559067,12.914607,9.503350,10.753362,0.511475,0.511475,0.708655,0.000356,0.785610,0.785610
1181.267318,9.840632,8.745957,11.888108,9.682172,0.511525,1.095894,0.708437,0.000355,0.785610,0.785610
1182.582270,4.740538,5.354302,5.252083,4.752239,0.942374,0.942374,0.707970,0.000355,0.785610,0.785610
1183.712775,4.492164,4.758837,5.320685,4.470516,0.942546,1.203141,0.707569,0.000354,0.785609,0.785609
1185.155843,7.311820,9.239755,6.636974,7.446336,0.600028,0.600028,0.707058,0.000354,0.785609,0.785609
1185.875359,7.548436,6.582014,9.507892,7.417671,0.600097,1.225858,0.706803,0.000354,0.785609,0.785609
1187.345161,3.582231,4.032269,4.253793,3.578416,1.226148,1.260752,0.706284,0.000353,0.785609,0.785609
1188.856444,4.369334,5.729202,4.211807,4.444855,0.923873,0.923873,0.705751,0.000352,0.785608,0.785608
1189.963636,4.298136,4.906374,4.829855,4.307908,0.924037,1.267697,0.705361,0.000352,0.785608,0.785608
1191.482606,8.256244,10.847378,6.971474,8.431044,0.614403,0.614403,0.704827,0.000351,0.785608,0.785608
1192.218611,7.624713,7.802274,8.559085,7.599930,0.614475,0.922883,0.704568,0.000351,0.785608,0.785608
1193.324021,11.193490,12.997433,10.630002,11.293857,0.445407,0.445407,0.704181,0.000351,0.785608,0.785608
1193.857427,14.450411,11.626092,18.184474,14.213939,0.445445,1.818210,0.703994,0.000351,0.785608,0.785608
1196.034672,4.407237,6.068886,3.975518,4.492747,0.866392,0.866392,0.703231,0.000350,0.785607,0.785607
1197.071787,4.328041,4.723483,5.074378,4.321693,0.866535,1.349191,0.702869,0.000349,0.785607,0.785607
1198.686569,9.097071,11.886975,7.615442,9.256281,0.559899,0.559899,0.702305,0.000349,0.785607,0.785607
1199.356514,8.130109,7.737361,9.620823,8.073524,0.559959,0.983083,0.702072,0.000348,0.785607,0.785607
1200.532692,4.724616,5.048030,5.549035,4.714863,0.983266,1.068089,0.701662,0.000348,0.785606,0.785606
1201.810335,4.346934,5.081460,4.787963,4.362352,1.068305,1.109589,0.701218,0.000348,0.785606,0.785606
1203.137351,7.706698,9.676345,6.986510,7.793697,0.600398,0.600398,0.700757,0.000347,0.785606,0.785606
1203.855248,7.928895,7.227534,9.734705,7.865635,0.600466,0.945364,0.700508,0.000347,0.785606,0.785606
1204.985492,4.608850,4.007225,6.326635,4.554031,0.945533,1.576947,0.700116,0.000346,0.785606,0.785606
1206.870500,3.380860,4.722542,3.254982,3.426047,1.339719,1.339719,0.699464,0.000346,0.785605,0.785605
1208.471460,15.304612,19.349158,12.613572,15.486486,0.433603,0.433603,0.698911,0.000345,0.785605,0.785605
1208.989484,12.351941,11.767501,14.066674,12.304373,0.433639,0.760545,0.698732,0.000345,0.785605,0.785605
1209.898030,6.451365,5.802550,8.236130,6.405113,0.760654,1.270973,0.698419,0.000345,0.785605,0.785605
1211.416116,7.528186,9.401568,6.897225,7.586997,0.583713,0.583713,0.697896,0.000344,0.785605,0.785605
1212.113153,8.115938,6.919828,10.441324,8.056242,0.583777,1.243889,0.697656,0.000344,0.785604,0.785604
1213.598373,3.397912,3.662329,4.318421,3.392299,1.244179,1.500838,0.697146,0.000343,0.785604,0.785604
1215.389975,7.171913,9.696757,5.912160,7.246360,0.665114,0.665114,0.696532,0.000343,0.785604,0.785604
1216.183722,6.876476,7.228340,7.718572,6.874879,0.665196,0.830302,0.696260,0.000342,0.785604,0.785604
1217.174482,5.048050,4.697084,6.577844,5.027356,0.830431,1.572036,0.695921,0.000342,0.785604,0.785604
1219.050028,12.305296,15.794261,10.103892,12.393629,0.473241,0.473241,0.695280,0.000341,0.785603,0.785603
1219.614471,10.390231,9.605446,12.353670,10.363645,0.473282,1.007766,0.695088,0.000341,0.785603,0.785603
1220.816348,6.152460,7.031853,6.493212,6.164425,0.734570,0.734570,0.694678,0.000341,0.785603,0.785603
1221.692242,6.317563,5.703264,8.129273,6.302281,0.734670,1.057046,0.694380,0.000340,0.785603,0.785603
1222.952484,3.889543,3.561069,5.425136,3.881286,1.057253,1.733098,0.693951,0.000340,0.785603,0.785603
1225.018330,6.643504,9.211996,5.327369,6.681693,0.702149,0.702149,0.693250,0.000339,0.785602,0.785602
1225.855021,5.770677,6.197735,6.566352,5.774523,0.702240,1.155563,0.692966,0.000339,0.785602,0.785602
1227.231828,9.040292,11.529021,7.798991,9.066716,0.575311,0.575311,0.692500,0.000338,0.785602,0.785602
1227.917142,9.015585,8.871759,10.387157,9.016876,0.575372,0.735477,0.692268,0.000338,0.785602,0.785602
1228.793154,6.712223,5.596506,9.060340,6.713641,0.735577,1.504257,0.691972,0.000338,0.785602,0.785602
1230.584603,5.069102,6.711746,4.666381,5.077921,0.821164,0.821164,0.691367,0.000337,0.785601,0.785601
1231.562274,5.855568,6.455770,6.496647,5.861706,0.812587,0.812587,0.691038,0.000337,0.785601,0.785601
1232.529587,5.158690,4.628487,6.938834,5.169387,0.812708,1.468811,0.690712,0.000336,0.785601,0.785601
1234.277817,4.097667,5.558554,3.878917,4.100215,1.029260,1.029260,0.690124,0.000336,0.785601,0.785601
1235.502549,5.963492,7.584814,5.584175,5.963039,0.753530,0.753530,0.689713,0.000335,0.785601,0.785601
1236.399017,5.468749,5.529726,6.666531,5.480602,0.753634,1.326813,0.689413,0.000335,0.785600,0.785600
1237.977299,15.726103,19.439338,13.232701,15.697875,0.403563,0.403563,0.688884,0.000335,0.785600,0.785600
1238.457233,14.426707,12.870906,17.278820,14.468510,0.403593,0.869168,0.688724,0.000334,0.785600,0.785600
1239.490807,5.887830,5.200298,7.865355,5.919521,0.869305,1.112449,0.688378,0.000334,0.785600,0.785600
1240.813472,3.670892,3.396669,5.231275,3.696344,1.112674,1.905068,0.687937,0.000334,0.785600,0.785600
1243.078076,18.142214,22.699698,14.772281,18.071190,0.387161,0.387161,0.687182,0.000333,0.785599,0.785599
1243.538147,13.907159,12.589222,16.545015,13.961948,0.387188,1.105244,0.687029,0.000333,0.785599,0.785599
1244.851434,6.564331,7.971440,6.410097,6.549618,0.677134,0.677134,0.686592,0.000332,0.785599,0.785599
1245.655866,6.525521,5.802267,8.569417,6.573672,0.677216,1.445212,0.686325,0.000332,0.785599,0.785599
1247.372562,8.391020,10.894180,7.108498,8.338649,0.581452,0.581452,0.685756,0.000331,0.785599,0.785599
1248.063061,8.100104,7.649152,9.874611,8.145200,0.581513,0.923708,0.685527,0.000331,0.785598,0.785598
1249.159888,4.877578,4.604376,6.474131,4.918972,0.923861,1.273992,0.685164,0.000331,0.785598,0.785598
1250.672397,4.681555,5.821233,4.811641,4.667852,0.831910,0.831910,0.684664,0.000330,0.785598,0.785598
1251.659832,4.593865,4.290879,6.231255,4.640768,0.832034,1.696826,0.684338,0.000330,0.785598,0.785598
1253.673578,8.542547,11.610690,6.664428,8.445966,0.638691,0.638691,0.683675,0.000329,0.785598,0.785598
1254.431328,7.643372,8.434219,8.143640,7.642747,0.638764,0.823503,0.683425,0.000329,0.785597,0.785597
1255.408231,7.699002,8.678953,8.004454,7.688576,0.651701,0.651701,0.683104,0.000329,0.785597,0.785597
1256.181214,7.629963,6.650133,10.004756,7.724019,0.651776,1.146750,0.682850,0.000328,0.785597,0.785597
1257.541219,4.273874,4.590337,5.285372,4.298678,1.044101,1.044101,0.682404,0.000328,0.785597,0.785597
1258.779233,3.887004,4.057870,5.056249,3.921116,1.044295,1.320381,0.681998,0.000327,0.785597,0.785597
1260.344548,4.004050,5.275591,4.009379,3.973648,1.069139,1.069139,0.681486,0.000327,0.785597,0.785597
1261.611717,5.692763,7.288506,5.355451,5.641222,0.797382,0.797382,0.681072,0.000327,0.785596,0.785596
1262.556614,5.696904,6.160863,6.565789,5.715522,0.797494,0.945382,0.680764,0.000326,0.785596,0.785596
1263.676733,4.780371,5.188169,5.713277,4.803430,0.945540,1.080916,0.680399,0.000326,0.785596,0.785596
1264.957223,4.592577,5.518296,4.974768,4.580192,1.031583,1.031583,0.679982,0.000325,0.785596,0.785596
1266.179038,5.961865,7.398232,5.799037,5.912167,0.862451,0.862451,0.679584,0.000325,0.785596,0.785596
1267.200346,20.812143,23.949952,18.821534,20.632212,0.312688,0.312688,0.679253,0.000325,0.785595,0.785595
1267.570572,27.666397,23.230705,33.855066,28.085221,0.312705,2.152418,0.679132,0.000325,0.785595,0.785595
1270.118922,5.341965,7.661823,4.229719,5.218850,0.857945,0.857945,0.678306,0.000324,0.785595,0.785595
1271.134300,6.201761,7.633354,6.048806,6.145745,0.802538,0.802538,0.677978,0.000323,0.785595,0.785595
1272.083960,5.748152,6.276150,6.577155,5.766246,0.802651,0.994954,0.677671,0.000323,0.785595,0.785595
1273.261145,6.039965,7.228983,6.153902,6.000855,0.790462,0.790462,0.677291,0.000323,0.785595,0.785595
1274.196221,6.706806,7.116365,7.673691,6.736852,0.757373,0.757373,0.676989,0.000322,0.785594,0.785594
1275.092030,6.135085,5.223509,8.553593,6.291104,0.757473,1.479873,0.676701,0.000322,0.785594,0.785594
1276.842172,5.151994,6.753618,4.820027,5.070309,0.778907,0.778907,0.676137,0.000321,0.785594,0.785594
1277.763092,5.106522,4.998327,6.653881,5.189951,0.779013,1.327863,0.675842,0.000321,0.785594,0.785594
1279.332843,6.130914,7.990060,5.517523,6.019648,0.696301,0.696301,0.675338,0.000321,0.785594,0.785594
1280.155794,5.856870,5.464068,7.728643,5.973951,0.696385,1.415643,0.675074,0.000320,0.785593,0.785593
1281.828727,5.212882,7.117883,4.549404,5.091714,0.991796,0.991796,0.674538,0.000320,0.785593,0.785593
1283.000491,28.147943,32.855688,24.383116,27.724958,0.283208,0.283208,0.674164,0.000319,0.785593,0.785593
1283.335032,29.030512,25.224211,34.721357,29.541921,0.283222,1.286630,0.674057,0.000319,0.785593,0.785593
1284.854795,5.793208,6.846965,6.078561,5.757636,0.711495,0.711495,0.673572,0.000319,0.785593,0.785593
1285.695023,6.342977,5.333783,8.937543,6.548876,0.711582,1.452422,0.673304,0.000319,0.785593,0.785593
1287.410027,3.095228,3.866722,3.700297,3.091704,1.452786,1.486943,0.672758,0.000318,0.785592,0.785592
1289.165352,7.595608,10.463422,5.856471,7.343772,0.795990,0.795990,0.672200,0.000318,0.785592,0.785592
1290.104772,31.409079,36.107934,27.612543,30.926554,0.265194,0.265194,0.671902,0.000317,0.785592,0.785592
1290.417708,34.138906,29.735443,40.592860,34.797221,0.265206,1.295080,0.671803,0.000317,0.785592,0.785592
1291.945871,3.953162,4.311419,5.038421,4.002977,1.295368,1.312277,0.671319,0.000317,0.785592,0.785592
1293.493982,9.536090,12.152745,8.070605,9.292120,0.529479,0.529479,0.670829,0.000316,0.785591,0.785591
1294.118474,9.308509,8.285599,11.971243,9.547337,0.529527,1.057276,0.670631,0.000316,0.785591,0.785591
1295.365364,4.323858,4.323408,5.830745,4.426432,1.057467,1.217635,0.670238,0.000316,0.785591,0.785591
1296.801111,3.632878,4.309103,4.372286,3.642675,1.217888,1.234572,0.669785,0.000315,0.785591,0.785591
1298.256527,4.535324,5.987678,4.391608,4.436257,0.974555,0.974555,0.669327,0.000315,0.785591,0.785591
1299.405171,5.317018,6.577850,5.393816,5.243580,0.920580,0.920580,0.668966,0.000314,0.785591,0.785591
1300.490019,5.966732,7.135967,6.150797,5.905300,0.853379,0.853379,0.668625,0.000314,0.785590,0.785590
1301.495517,7.006053,8.015128,7.377051,6.967345,0.722551,0.722551,0.668309,0.000314,0.785590,0.785590
1302.346742,7.314086,7.135911,9.058362,7.456625,0.722639,0.786507,0.668043,0.000313,0.785590,0.785590
1303.273200,6.246819,4.988215,9.249035,6.562440,0.786612,1.807185,0.667752,0.000313,0.785590,0.785590
1305.401672,4.736333,6.705963,4.003656,4.546612,0.939952,0.939952,0.667087,0.000312,0.785590,0.785590
1306.508393,7.379390,9.198675,6.821142,7.210188,0.644602,0.644602,0.666741,0.000312,0.785590,0.785590
1307.267242,6.846133,6.231194,9.119814,7.069407,0.644672,1.462020,0.666505,0.000312,0.785589,0.785589
1308.988197,17.784579,21.722730,14.762125,17.264165,0.368227,0.368227,0.665968,0.000311,0.785589,0.785589
1309.421532,17.050927,14.646597,21.432521,17.585283,0.368250,1.389459,0.665834,0.000311,0.785589,0.785589
1311.056571,5.705932,7.320579,5.389694,5.560364,0.773815,0.773815,0.665325,0.000311,0.785589,0.785589
1311.966941,6.126069,6.440081,7.337806,6.203328,0.773916,0.905078,0.665043,0.000310,0.785589,0.785589
1313.031599,5.574613,5.787427,6.910807,5.671338,0.868067,0.868067,0.664712,0.000310,0.785589,0.785589
1314.052566,4.932254,4.202308,7.386760,5.200541,0.868193,1.836401,0.664396,0.000310,0.785588,0.785588
1316.212113,6.838783,9.537947,5.248217,6.492542,0.732281,0.732281,0.663728,0.000309,0.785588,0.785588
1317.072986,6.368020,7.308069,6.855264,6.335707,0.732370,0.934350,0.663462,0.000309,0.785588,0.785588
1318.171279,7.630720,9.224703,7.346090,7.476821,0.660781,0.660781,0.663123,0.000308,0.785588,0.785588
1318.947881,7.740507,7.528539,9.606430,7.926042,0.660853,0.836662,0.662884,0.000308,0.785588,0.785588
1319.931083,5.655871,4.974169,8.090044,5.935725,0.836778,1.444321,0.662581,0.000308,0.785588,0.785588
1321.628139,8.627685,10.937282,7.492846,8.329027,0.536245,0.536245,0.662059,0.000307,0.785587,0.785587
1322.258067,9.189742,7.656358,12.659647,9.646973,0.536293,1.674539,0.661865,0.000307,0.785587,0.785587
1324.224979,5.352816,7.408920,4.520737,5.098038,0.862360,0.862360,0.661261,0.000307,0.785587,0.785587
1325.237624,7.633018,9.198437,7.390579,7.473130,0.633968,0.633968,0.660951,0.000306,0.785587,0.785587
1325.981970,7.308150,6.405123,10.044289,7.653050,0.634035,1.408294,0.660723,0.000306,0.785587,0.785587
1327.635281,4.435352,5.916980,4.296778,4.289177,1.199819,1.199819,0.660218,0.000306,0.785586,0.785586
1329.043518,118.368052,128.699154,107.537596,116.377280,0.137626,0.137626,0.659788,0.000305,0.785586,0.785586
1329.205019,115.209019,106.535798,127.412810,117.240051,0.137629,1.043862,0.659738,0.000305,0.785586,0.785586
1330.429937,5.387476,4.774430,7.805773,5.690115,1.044041,1.191270,0.659365,0.000305,0.785586,0.785586
1331.827591,3.503868,3.538326,5.137699,3.667298,1.191504,1.573661,0.658939,0.000304,0.785586,0.785586
1333.673523,4.983049,7.004203,4.194689,4.710860,0.915659,0.915659,0.658378,0.000304,0.785586,0.785586
1334.747329,6.239390,7.783177,6.034868,6.069882,0.808200,0.808200,0.658052,0.000303,0.785585,0.785585
1335.694975,6.375058,7.161569,7.100998,6.374336,0.808307,0.848878,0.657764,0.000303,0.785585,0.785585
1336.690185,6.133379,6.606190,7.249516,6.204975,0.848996,0.851894,0.657463,0.000303,0.785585,0.785585
1337.688792,5.517461,5.418866,7.343575,5.723469,0.852013,1.053168,0.657161,0.000303,0.785585,0.785585
1338.923165,4.226030,4.442751,5.668190,4.360360,1.053350,1.282783,0.656787,0.000302,0.785585,0.785585
1340.426400,7.079926,9.052014,6.354155,6.799925,0.631500,0.631500,0.656333,0.000302,0.785585,0.785585
1341.166272,7.135011,6.363165,9.815167,7.511597,0.631565,1.231113,0.656110,0.000302,0.785585,0.785585
1342.608508,3.632653,4.159654,4.703695,3.696895,1.231360,1.321264,0.655676,0.000301,0.785584,0.785584
1344.156044,4.639965,6.318569,4.280554,4.423786,1.128146,1.128146,0.655210,0.000301,0.785584,0.785584
1345.477106,48.118288,54.624842,41.743875,46.712411,0.217210,0.217210,0.654813,0.000300,0.785584,0.785584
1345.731413,47.782152,42.549452,56.081928,49.303507,0.217218,1.527280,0.654737,0.000300,0.785584,0.785584
1347.519472,13.984029,17.262153,11.625104,13.357058,0.425275,0.425275,0.654200,0.000300,0.785584,0.785584
1348.017238,13.980902,12.206427,17.972253,14.645045,0.425304,0.912489,0.654051,0.000300,0.785584,0.785584
1349.085194,5.542432,4.448525,8.687824,6.037330,0.912623,1.889424,0.653732,0.000299,0.785583,0.785583
1351.296206,5.991997,8.414041,4.703633,5.570620,0.781519,0.781519,0.653071,0.000299,0.785583,0.785583
1352.210465,5.686368,6.540508,6.378301,5.672790,0.781618,1.088204,0.652798,0.000298,0.785583,0.785583
1353.483338,19.424884,23.157349,16.476074,18.645983,0.344972,0.344972,0.652418,0.000298,0.785583,0.785583
1353.886782,20.748906,17.643065,26.487230,21.811813,0.344991,1.533920,0.652298,0.000298,0.785583,0.785583
1355.680595,5.579879,7.317405,5.159282,5.326791,0.791230,0.791230,0.651764,0.000297,0.785583,0.785583
1356.605656,5.843814,6.280745,7.084045,5.946409,0.791330,0.997513,0.651489,0.000297,0.785582,0.785582
1357.771743,7.798895,9.194105,7.818864,7.636082,0.588991,0.588991,0.651143,0.000297,0.785582,0.785582
1358.460160,8.840050,7.189394,12.771793,9.537462,0.589047,1.653965,0.650939,0.000297,0.785582,0.785582
1360.393145,4.713420,6.370138,4.401466,4.474688,0.855820,0.855820,0.650366,0.000296,0.785582,0.785582
1361.393075,4.547347,4.850513,5.978396,4.693850,0.855937,1.394636,0.650071,0.000296,0.785582,0.785582
1363.022329,7.428453,10.017581,5.918566,6.918733,0.733634,0.733634,0.649589,0.000295,0.785582,0.785582
1363.879191,9.503244,11.134559,9.228696,9.266154,0.597170,0.597170,0.649336,0.000295,0.785581,0.785581
1364.576585,9.298237,8.792505,11.795750,9.690518,0.597226,0.785417,0.649131,0.000295,0.785581,0.785581
1365.493734,6.606116,5.525542,9.860917,7.176223,0.785515,1.379232,0.648861,0.000295,0.785581,0.785581
1367.104091,3.910620,4.725718,4.703264,3.912886,1.050357,1.050357,0.648387,0.000294,0.785581,0.785581
1368.330193,4.112468,4.709066,5.193518,4.181459,1.050532,1.162476,0.648026,0.000294,0.785581,0.785581
1369.686949,4.305628,5.422431,4.710988,4.216568,1.102547,1.102547,0.647628,0.000293,0.785581,0.785581
1370.973523,7.882023,9.983011,7.002927,7.489792,0.611148,0.611148,0.647251,0.000293,0.785581,0.785581
1371.686554,7.517766,6.797677,10.341300,8.001504,0.611207,1.299818,0.647042,0.000293,0.785580,0.785580
1373.202915,5.525377,7.097824,5.341451,5.292368,0.816118,0.816118,0.646599,0.000292,0.785580,0.785580
1374.154799,5.775139,6.281415,6.998182,5.878456,0.816223,0.984041,0.646321,0.000292,0.785580,0.785580
1375.302392,6.442004,7.547892,6.878414,6.354740,0.737023,0.737023,0.645986,0.000292,0.785580,0.785580
1376.161780,6.828520,6.540907,9.114823,7.192730,0.737109,0.871312,0.645735,0.000291,0.785580,0.785580
1377.177634,5.312227,4.315994,8.547952,5.913048,0.871431,2.149425,0.645439,0.000291,0.785580,0.785580
1379.683283,19.561132,24.490907,14.935237,18.229114,0.399280,0.399280,0.644710,0.000291,0.785579,0.785579
1380.148578,13.981660,13.380612,16.701969,14.458255,0.399305,0.794154,0.644575,0.000290,0.785579,0.785579
1381.073977,6.394546,6.210434,8.569117,6.737719,0.794252,1.091464,0.644306,0.000290,0.785579,0.785579
1382.345663,5.643756,6.687869,6.182071,5.575903,0.817161,0.817161,0.643938,0.000290,0.785579,0.785579
1383.297591,5.806726,5.877518,7.654430,6.070444,0.817266,0.984592,0.643662,0.000290,0.785579,0.785579
1384.444416,4.822435,5.002494,6.529761,5.051435,0.984743,1.047028,0.643330,0.000289,0.785579,0.785579
1385.663777,4.043698,4.211181,5.773487,4.279328,1.047199,1.428089,0.642978,0.000289,0.785579,0.785579
1387.326648,10.131829,12.958359,8.281317,9.445000,0.510939,0.510939,0.642498,0.000288,0.785578,0.785578
1387.921454,9.672026,8.369923,13.401710,10.430577,0.510979,1.412633,0.642326,0.000288,0.785578,0.785578
1389.565832,4.517578,5.936795,4.568274,4.317170,0.979259,0.979259,0.641853,0.000288,0.785578,0.785578
1390.705490,5.249717,6.440694,5.612535,5.129540,0.979408,0.986327,0.641525,0.000287,0.785578,0.785578
1391.853200,7.645747,9.458600,7.166546,7.301818,0.679731,0.679731,0.641195,0.000287,0.785578,0.785578
1392.644028,8.522879,8.868888,10.045704,8.708862,0.678553,0.678553,0.640968,0.000287,0.785578,0.785578
1393.433402,7.892574,6.586088,11.683963,8.689332,0.678624,1.247237,0.640742,0.000287,0.785578,0.785578
1394.884185,3.622907,3.702646,5.522329,3.911693,1.247477,1.427357,0.640326,0.000286,0.785577,0.785577
1396.544163,3.936807,5.315101,4.058745,3.745412,1.109866,1.109866,0.639851,0.000286,0.785577,0.785577
1397.834623,5.670769,7.423817,5.280424,5.338870,0.862826,0.862826,0.639482,0.000286,0.785577,0.785577
1398.837675,6.407987,7.618925,6.765791,6.277816,0.861862,0.861862,0.639196,0.000285,0.785577,0.785577
1399.839473,10.237380,11.928036,9.937059,9.924491,0.505479,0.505479,0.638910,0.000285,0.785577,0.785577
1400.426946,11.743467,9.586395,16.775502,12.908960,0.505518,1.839225,0.638743,0.000285,0.785577,0.785577
1402.564347,21.286185,25.908872,16.929886,19.844035,0.352387,0.352387,0.638135,0.000284,0.785576,0.785576
1402.973748,18.401345,16.372315,23.277758,19.533108,0.352406,0.888799,0.638018,0.000284,0.785576,0.785576
1404.006292,5.759216,4.922139,8.989567,6.432686,0.888920,1.429686,0.637725,0.000284,0.785576,0.785576
1405.666975,3.556488,4.472999,4.344898,3.540309,1.221171,1.221171,0.637254,0.000283,0.785576,0.785576
1407.085143,5.055572,6.691619,4.842007,4.754534,0.905316,0.905316,0.636852,0.000283,0.785576,0.785576
1408.136307,5.368141,6.379554,6.031263,5.315030,0.905441,1.020183,0.636555,0.000283,0.785576,0.785576
1409.320681,8.423210,10.435189,7.686740,7.967578,0.606610,0.606610,0.636220,0.000282,0.785576,0.785576
1410.024811,8.201723,7.626303,11.107857,8.795567,0.606666,1.061682,0.636021,0.000282,0.785575,0.785575
1411.257057,7.434191,8.621747,7.862552,7.309940,0.610613,0.610613,0.635674,0.000282,0.785575,0.785575
1411.965653,8.672867,6.990659,13.166029,9.737929,0.610670,1.618029,0.635474,0.000282,0.785575,0.785575
1413.843149,3.305228,4.361627,3.924886,3.235072,1.502176,1.502176,0.634945,0.000281,0.785575,0.785575
1415.585785,83.754412,92.790399,73.079390,80.368195,0.168818,0.168818,0.634456,0.000281,0.785575,0.785575
1415.781581,76.030163,69.479297,87.477894,79.171765,0.168822,1.139216,0.634401,0.000281,0.785575,0.785575
1417.102823,4.471594,4.566657,6.473369,4.810259,1.139412,1.374755,0.634030,0.000280,0.785575,0.785575
1418.696964,8.177532,10.664318,6.772189,7.499147,0.625801,0.625801,0.633583,0.000280,0.785574,0.785574
1419.422481,7.909271,7.906461,10.064577,8.296278,0.625860,0.857504,0.633380,0.000280,0.785574,0.785574
1420.416526,5.588182,5.341920,8.101152,6.084977,0.857614,1.237221,0.633102,0.000280,0.785574,0.785574
1421.850567,8.928624,10.950569,8.189708,8.439328,0.527018,0.527018,0.632702,0.000279,0.785574,0.785574
1422.461311,10.329094,8.411944,15.268148,11.572479,0.527060,1.727458,0.632531,0.000279,0.785574,0.785574
1424.463046,3.753097,5.253140,3.767947,3.489652,1.217484,1.217484,0.631973,0.000278,0.785574,0.785574
1425.873469,8.576494,11.354689,6.748962,7.746280,0.666956,0.666956,0.631581,0.000278,0.785573,0.785573
1426.645980,9.451185,10.622525,9.947587,9.332591,0.621416,0.621416,0.631366,0.000278,0.785573,0.785573
1427.365671,8.539740,7.684665,11.984075,9.336951,0.621474,1.059234,0.631166,0.000278,0.785573,0.785573
1428.592306,5.220850,5.617639,6.853084,5.454438,0.913906,0.913906,0.630825,0.000277,0.785573,0.785573
1429.650477,4.832931,4.603760,7.384661,5.355886,0.914030,1.354270,0.630532,0.000277,0.785573,0.785573
1431.218314,5.907936,7.576301,5.694068,5.560987,0.718318,0.718318,0.630098,0.000277,0.785573,0.785573
1432.049741,5.880317,5.346201,8.893558,6.552782,0.718395,1.531269,0.629868,0.000277,0.785573,0.785573
1433.821941,7.484816,9.961209,6.091311,6.760126,0.659421,0.659421,0.629378,0.000276,0.785573,0.785573
1434.584942,6.976718,7.051171,9.111434,7.372779,0.659486,0.957649,0.629168,0.000276,0.785572,0.785572
1435.692907,4.699681,4.890854,6.670144,5.044237,0.957785,1.325912,0.628862,0.000276,0.785572,0.785572
1437.226722,7.680691,10.053093,6.440012,6.993311,0.674029,0.674029,0.628440,0.000275,0.785572,0.785572
1438.006285,7.824678,8.318887,9.360803,8.030437,0.674096,0.815654,0.628225,0.000275,0.785572,0.785572
1438.949553,8.718412,9.403829,9.978615,8.834726,0.582228,0.582228,0.627966,0.000275,0.785572,0.785572
1439.622793,10.414446,8.150922,16.068069,11.969287,0.582278,2.022279,0.627781,0.000275,0.785572,0.785572
1441.960988,5.643074,7.952092,4.497378,4.972750,0.821953,0.821953,0.627140,0.000274,0.785572,0.785572
1442.911060,5.657938,6.617551,6.522669,5.643927,0.822052,0.978489,0.626879,0.000274,0.785571,0.785571
1444.041931,5.833411,7.066399,6.294826,5.685560,0.891639,0.891639,0.626570,0.000273,0.785571,0.785571
1445.072278,7.637738,8.953401,7.979796,7.448844,0.655874,0.655874,0.626288,0.000273,0.785571,0.785571
1445.830085,7.559374,6.712932,11.151267,8.452620,0.655937,1.208464,0.626081,0.000273,0.785571,0.785571
1447.226227,4.729954,5.551903,5.821736,4.788775,0.950245,0.950245,0.625700,0.000273,0.785571,0.785571
1448.323854,4.996174,5.427084,6.682353,5.254294,0.950378,1.008642,0.625401,0.000272,0.785571,0.785571
1449.488771,4.582790,4.966877,6.345875,4.867228,1.008791,1.112598,0.625084,0.000272,0.785571,0.785571
1450.773562,4.751298,5.629864,5.772291,4.784900,0.919588,0.919588,0.624735,0.000272,0.785570,0.785570
1451.835298,4.375440,4.382916,6.721877,4.859155,0.919712,1.647835,0.624446,0.000272,0.785570,0.785570
1453.737597,16.763909,21.054617,12.619477,15.039542,0.423183,0.423183,0.623930,0.000271,0.785570,0.785570
1454.226011,13.078042,12.183889,16.810676,14.039033,0.423209,0.941083,0.623798,0.000271,0.785570,0.785570
1455.312091,6.837401,7.595510,8.062512,6.938976,0.741567,0.741567,0.623504,0.000271,0.785570,0.785570
1456.167798,6.647637,6.007817,10.017123,7.490478,0.741647,1.188433,0.623272,0.000270,0.785570,0.785570
1457.539002,5.669556,6.645011,6.573264,5.659027,0.740969,0.740969,0.622902,0.000270,0.785570,0.785570
1458.393777,6.119288,5.066135,10.143904,7.195864,0.741049,1.989213,0.622671,0.000270,0.785570,0.785570
1460.688271,13.791420,17.814015,10.024953,12.153930,0.483181,0.483181,0.622052,0.000269,0.785569,0.785569
1461.245443,10.554099,10.294730,13.371914,11.212373,0.483215,0.885197,0.621902,0.000269,0.785569,0.785569
1462.266123,6.143170,6.533138,7.969013,6.454336,0.885310,0.885387,0.621628,0.000269,0.785569,0.785569
1463.286891,5.219639,5.134002,7.788884,5.794126,0.885500,1.223163,0.621353,0.000269,0.785569,0.785569
1464.696903,4.728576,5.899662,5.356919,4.616149,1.034791,1.034791,0.620975,0.000268,0.785569,0.785569
1465.889558,9.787182,12.013076,8.782520,9.092842,0.534600,0.534600,0.620655,0.000268,0.785569,0.785569
1466.505621,10.147630,8.861656,14.612979,11.405139,0.534641,1.039985,0.620490,0.000268,0.785569,0.785569
1467.703990,4.554060,4.165272,7.631157,5.316801,1.040140,1.426638,0.620169,0.000268,0.785568,0.785568
1469.347650,3.481750,4.492183,4.377990,3.461153,1.405469,1.405469,0.619729,0.000267,0.785568,0.785568
1470.966589,19.739723,24.140790,15.338682,17.810640,0.366582,0.366582,0.619297,0.000267,0.785568,0.785568
1471.388765,17.096615,14.968883,22.927322,18.863295,0.366601,1.416619,0.619185,0.000267,0.785568,0.785568
1473.020132,9.521159,12.292466,7.665815,8.499017,0.630140,0.630140,0.618750,0.000266,0.785568,0.785568
1473.745649,15.852255,17.616268,15.582405,15.402478,0.397455,0.397455,0.618557,0.000266,0.785568,0.785568
1474.203222,20.035940,16.491958,28.161007,22.666068,0.397478,1.640830,0.618435,0.000266,0.785568,0.785568
1476.092127,3.641084,4.537647,4.747865,3.692800,1.166949,1.166949,0.617933,0.000266,0.785568,0.785568
1477.435191,5.076484,6.457276,5.420561,4.846626,0.874408,0.874408,0.617576,0.000265,0.785567,0.785567
1478.441396,5.011877,5.409276,6.921526,5.359595,0.874517,1.145960,0.617310,0.000265,0.785567,0.785567
1479.759919,5.284021,6.600812,5.737448,5.091670,0.875316,0.875316,0.616960,0.000265,0.785567,0.785567
1480.766879,5.346562,5.876853,7.058271,5.621384,0.875425,1.041341,0.616694,0.000264,0.785567,0.785567
1481.964684,5.299231,6.308205,6.252819,5.290833,0.928869,0.928869,0.616377,0.000264,0.785567,0.785567
1483.032960,5.619160,6.411925,6.924354,5.741803,0.928991,0.965815,0.616095,0.000264,0.785567,0.785567
1484.143581,8.410148,9.936286,8.545229,8.091877,0.586465,0.586465,0.615802,0.000264,0.785567,0.785567
1484.817883,9.218839,7.792040,14.109792,10.697409,0.586514,1.177257,0.615625,0.000263,0.785567,0.785567
1486.171349,3.816950,3.605917,6.759085,4.559370,1.177453,1.692051,0.615268,0.000263,0.785566,0.785566
1488.116338,5.135676,7.313258,4.229271,4.417650,0.988616,0.988616,0.614757,0.000263,0.785566,0.785566
1489.252467,9.420298,12.014382,7.842658,8.443447,0.625234,0.625234,0.614459,0.000262,0.785566,0.785566
1489.970892,10.117479,10.850424,11.554620,10.288349,0.609080,0.609080,0.614270,0.000262,0.785566,0.785566
1490.670694,9.258357,7.813436,14.243044,10.792889,0.609132,1.313832,0.614087,0.000262,0.785566,0.785566
1492.180091,4.594613,5.524556,5.724271,4.646510,1.001834,1.001834,0.613691,0.000262,0.785566,0.785566
1493.330835,6.391866,7.547033,7.159957,6.303388,0.717937,0.717937,0.613390,0.000261,0.785566,0.785566
1494.155369,6.483283,5.661998,10.488210,7.649717,0.718009,1.405015,0.613175,0.000261,0.785565,0.785565
1495.768833,4.053995,5.181631,4.876098,3.984494,1.129374,1.129374,0.612754,0.000261,0.785565,0.785565
1497.065506,8.145735,10.262377,7.351227,7.445205,0.593975,0.593975,0.612415,0.000261,0.785565,0.785565
1497.747361,8.013955,6.944691,12.458959,9.360909,0.594025,1.649564,0.612238,0.000260,0.785565,0.785565
1499.640825,9.526974,12.629567,7.114069,8.187035,0.619669,0.619669,0.611745,0.000260,0.785565,0.785565
1500.351952,9.447188,10.276287,10.781786,9.575261,0.619722,0.668739,0.611560,0.000260,0.785565,0.785565
1501.119325,7.969734,7.308115,11.778472,9.075469,0.668802,1.069160,0.611361,0.000260,0.785565,0.785565
1502.346063,6.973563,7.926477,8.117087,7.024858,0.649286,0.649286,0.611043,0.000259,0.785565,0.785565
1503.090933,8.134771,6.481879,13.616680,9.912787,0.649344,1.892230,0.610850,0.000259,0.785564,0.785564
1505.261530,6.032452,8.365337,4.890802,5.173004,0.777337,0.777337,0.610287,0.000259,0.785564,0.785564
1506.152986,5.659100,6.273491,7.381483,5.939951,0.777421,1.094040,0.610057,0.000258,0.785564,0.785564
1507.407505,6.769623,8.513845,6.612735,6.297362,0.737478,0.737478,0.609733,0.000258,0.785564,0.785564
1508.253031,6.842839,7.131537,9.125393,7.349047,0.737553,0.896192,0.609515,0.000258,0.785564,0.785564
1509.280419,5.702009,5.892996,8.157499,6.278761,0.896303,0.969577,0.609250,0.000258,0.785564,0.785564
1510.391797,4.717416,4.775039,7.405723,5.389317,0.969707,1.336020,0.608963,0.000257,0.785564,0.785564
1511.923005,8.859583,11.301284,7.542099,7.907264,0.581873,0.581873,0.608569,0.000257,0.785564,0.785564
1512.589765,8.891440,8.302113,12.690143,10.018051,0.581920,0.872759,0.608398,0.000257,0.785563,0.785563
1513.589766,5.548161,4.634358,9.908516,6.907137,0.872864,1.849229,0.608141,0.000257,0.785563,0.785563
1515.708344,8.425489,11.375467,6.250575,7.112958,0.635298,0.635298,0.607598,0.000256,0.785563,0.785563
1516.435990,7.038399,7.215756,9.565466,7.649233,0.635353,1.120980,0.607411,0.000256,0.785563,0.785563
1517.719806,8.534616,10.661408,7.756585,7.786176,0.606929,0.606929,0.607083,0.000256,0.785563,0.785563
1518.414791,8.214323,7.626173,12.065987,9.374502,0.606979,1.158279,0.606905,0.000256,0.785563,0.785563
1519.741009,11.440638,13.739435,10.373587,10.565596,0.465242,0.465242,0.606566,0.000255,0.785563,0.785563
1520.273622,13.468244,11.112817,20.374061,15.905001,0.465272,1.422414,0.606430,0.000255,0.785563,0.785563
1521.901909,3.467935,3.901539,5.601487,3.919287,1.384117,1.384117,0.606015,0.000255,0.785562,0.785562
1523.486047,4.603024,6.257249,4.646142,4.182197,1.082627,1.082627,0.605611,0.000255,0.785562,0.785562
1524.724892,14.037884,17.289978,11.337111,12.467181,0.439589,0.439589,0.605296,0.000254,0.785562,0.785562
1525.227837,13.383304,11.650141,19.279185,15.417006,0.439615,1.157700,0.605168,0.000254,0.785562,0.785562
1526.552312,4.302672,4.662080,6.595650,4.822539,1.157883,1.301381,0.604832,0.000254,0.785562,0.785562
1528.040930,6.418014,8.472591,5.783602,5.702844,0.868715,0.868715,0.604454,0.000253,0.785562,0.785562
1529.034457,26.558957,30.597788,22.486423,24.384993,0.293404,0.293404,0.604202,0.000253,0.785562,0.785562
1529.369975,31.160216,26.795426,41.704907,35.192158,0.293416,1.443620,0.604118,0.000253,0.785562,0.785562
1531.020743,4.087405,4.654738,6.052345,4.469558,1.051008,1.051008,0.603700,0.000253,0.785561,0.785561
1532.222327,3.919321,4.131900,6.510705,4.569092,1.051158,1.456254,0.603396,0.000253,0.785561,0.785561
1533.886978,4.964825,6.866915,4.608822,4.354606,1.010868,1.010868,0.602976,0.000252,0.785561,0.785561
1535.042277,8.945528,11.380449,7.659781,7.934124,0.636397,0.636397,0.602685,0.000252,0.785561,0.785561
1535.769502,8.860600,9.271384,11.129917,9.374046,0.636452,0.744952,0.602502,0.000252,0.785561,0.785561
1536.620702,7.380525,7.034504,10.992545,8.474298,0.745027,0.901840,0.602287,0.000252,0.785561,0.785561
1537.651062,5.412622,4.834911,9.445557,6.690805,0.901950,1.445936,0.602028,0.000251,0.785561,0.785561
1539.302855,7.143905,9.154856,6.612078,6.443753,0.636884,0.636884,0.601613,0.000251,0.785561,0.785561
1540.030270,7.237660,6.350902,11.840589,8.768459,0.636939,1.499042,0.601431,0.000251,0.785560,0.785560
1541.742249,7.072506,9.252281,6.246636,6.239041,0.660591,0.660591,0.601002,0.000250,0.785560,0.785560
1542.496523,6.668891,6.183039,10.583275,7.904052,0.660649,1.420797,0.600813,0.000250,0.785560,0.785560
1544.118670,8.140098,10.605490,6.810353,7.079979,0.627192,0.627192,0.600407,0.000250,0.785560,0.785560
1544.834608,7.487083,7.210289,11.051392,8.572657,0.627244,1.100917,0.600228,0.000250,0.785560,0.785560
1546.091198,5.135728,6.095001,6.500688,5.254099,1.057087,1.057087,0.599915,0.000250,0.785560,0.785560
1547.297581,13.343888,16.146031,11.415215,12.007345,0.446057,0.446057,0.599614,0.000249,0.785560,0.785560
1547.806564,14.181370,12.262264,20.733831,16.597665,0.446083,0.933200,0.599487,0.000249,0.785560,0.785560
1548.871348,5.754511,4.545968,11.046145,7.615785,0.933316,2.105862,0.599222,0.000249,0.785560,0.785560
1551.273845,9.652652,13.080040,6.599045,7.805378,0.642702,0.642702,0.598625,0.000248,0.785559,0.785559
1552.006873,9.521804,10.786150,10.368589,9.405750,0.639429,0.639429,0.598443,0.000248,0.785559,0.785559
1552.736105,8.012548,7.270354,12.498122,9.522589,0.639484,1.245600,0.598262,0.000248,0.785559,0.785559
1554.156519,7.155756,8.924303,7.100964,6.632854,0.670756,0.670756,0.597909,0.000248,0.785559,0.785559
1554.921285,7.245642,6.763559,11.285775,8.561015,0.670815,1.089161,0.597720,0.000248,0.785559,0.785559
1556.162987,4.749215,5.205982,7.091290,5.301307,1.080385,1.080385,0.597413,0.000247,0.785559,0.785559
1557.394507,5.504722,6.493416,6.884755,5.622565,0.828836,0.828836,0.597108,0.000247,0.785559,0.785559
1558.339153,5.411144,5.160654,9.064560,6.557877,0.828927,1.265357,0.596875,0.000247,0.785559,0.785559
1559.781154,4.530988,5.578312,5.816779,4.604630,0.961306,0.961306,0.596519,0.000247,0.785558,0.785558
1560.876476,4.405858,4.777506,6.938161,5.045634,0.961429,1.346200,0.596249,0.000246,0.785558,0.785558
1562.410153,6.099266,8.201585,5.458460,5.293666,0.856185,0.856185,0.595872,0.000246,0.785558,0.785558
1563.385401,8.211422,9.945585,8.251735,7.713581,0.695862,0.695862,0.595632,0.000246,0.785558,0.785558
1564.177940,9.156723,9.741709,11.323935,9.630650,0.647901,0.647901,0.595437,0.000246,0.785558,0.785558
1564.915788,8.739368,7.407791,14.465669,10.849629,0.647956,1.186082,0.595256,0.000245,0.785558,0.785558
1566.266416,4.265522,4.369703,7.342712,5.158711,1.186267,1.191895,0.594925,0.000245,0.785558,0.785558
1567.623451,3.865547,4.417007,6.120554,4.380128,1.192082,1.228970,0.594592,0.000245,0.785558,0.785558
1569.022478,4.009165,5.106099,5.256450,4.057944,1.229168,1.306285,0.594250,0.000245,0.785557,0.785557
1570.509278,14.319919,18.039667,10.687046,12.108159,0.471095,0.471095,0.593887,0.000244,0.785557,0.785557
1571.045381,12.526169,12.073444,16.683484,13.925103,0.471124,0.703009,0.593756,0.000244,0.785557,0.785557
1571.845352,7.971414,6.609762,13.847458,10.174181,0.703073,1.723658,0.593560,0.000244,0.785557,0.785557
1573.806563,19.413920,23.724854,14.663842,16.661809,0.373036,0.373036,0.593082,0.000244,0.785557,0.785557
1574.230915,17.256160,15.138373,24.584572,20.146324,0.373054,1.237126,0.592979,0.000243,0.785557,0.785557
1575.638155,11.525684,13.820109,10.560405,10.530789,0.460025,0.460025,0.592637,0.000243,0.785557,0.785557
1576.161352,13.999453,11.434276,22.216698,17.320374,0.460053,1.721228,0.592509,0.000243,0.785557,0.785557
1578.118827,3.669878,4.948055,4.629718,3.575335,1.227114,1.227114,0.592034,0.000243,0.785557,0.785557
1579.514055,6.886424,9.145856,5.993789,5.917008,0.754762,0.754762,0.591696,0.000242,0.785556,0.785556
1580.372082,6.904916,7.728856,8.739535,7.221463,0.754836,0.872231,0.591488,0.000242,0.785556,0.785556
1581.363552,6.515360,7.247012,8.534617,6.918988,0.849863,0.849863,0.591248,0.000242,0.785556,0.785556
1582.329487,6.266551,6.560665,9.129592,7.071045,0.849957,0.937309,0.591014,0.000242,0.785556,0.785556
1583.394693,6.584507,7.152989,8.934268,7.145089,0.739369,0.739369,0.590757,0.000242,0.785556,0.785556
1584.234848,6.779418,5.546522,12.590439,8.993982,0.739440,1.811614,0.590554,0.000241,0.785556,0.785556
1586.293211,8.367403,11.156759,6.475727,6.900377,0.626030,0.626030,0.590057,0.000241,0.785556,0.785556
1587.004342,7.441897,7.358251,11.070804,8.616038,0.626081,1.020440,0.589886,0.000241,0.785556,0.785556
1588.163404,4.952636,5.475097,7.426412,5.573091,1.020575,1.051815,0.589607,0.000241,0.785556,0.785556
1589.357946,4.478487,5.126299,6.719590,4.987080,1.051958,1.301546,0.589320,0.000240,0.785555,0.785555
1590.835904,16.724322,20.510554,12.910316,14.312775,0.403382,0.403382,0.588965,0.000240,0.785555,0.785555
1591.293884,15.470548,13.531181,22.744954,18.414385,0.403403,1.183205,0.588855,0.000240,0.785555,0.785555
1592.637167,5.811270,6.834601,7.352004,5.980126,0.834839,0.834839,0.588533,0.000240,0.785555,0.785555
1593.584808,6.856936,7.204024,9.722029,7.668367,0.755845,0.755845,0.588306,0.000239,0.785555,0.785555
1594.442690,6.699438,5.426211,12.736845,9.056980,0.755919,1.799126,0.588100,0.000239,0.785555,0.785555
1596.484492,4.457739,6.319735,4.382822,3.836818,1.085297,1.085297,0.587612,0.000239,0.785555,0.785555
1597.715896,9.030036,11.622682,7.531133,7.711301,0.621352,0.621352,0.587318,0.000239,0.785555,0.785555
1598.420799,8.007199,8.037498,11.532727,9.144048,0.621402,1.056573,0.587150,0.000238,0.785555,0.785555
1599.619349,16.798647,19.813740,14.474147,15.065641,0.377965,0.377965,0.586865,0.000238,0.785554,0.785554
1600.048045,19.853533,16.633469,29.811503,24.160272,0.377983,1.643410,0.586762,0.000238,0.785554,0.785554
1601.911946,5.866119,7.689591,5.891198,5.281376,0.796751,0.796751,0.586319,0.000238,0.785554,0.785554
1602.815405,7.065377,7.742376,9.361943,7.599861,0.740685,0.740685,0.586104,0.000238,0.785554,0.785554
1603.655203,6.585769,5.591945,12.204111,8.765176,0.740755,1.646320,0.585905,0.000237,0.785554,0.785554
1605.521647,7.159563,9.537932,6.098279,6.029376,0.680894,0.680894,0.585462,0.000237,0.785554,0.785554
1606.293418,6.620058,6.555477,10.418854,7.900709,0.680953,1.114805,0.585279,0.000237,0.785554,0.785554
1607.556905,4.611153,5.439537,6.642830,5.013194,1.114964,1.128997,0.584980,0.000237,0.785554,0.785554
1608.836295,5.715329,7.313133,6.219908,5.355272,1.029939,1.029939,0.584677,0.000236,0.785554,0.785554
1610.003264,48.909492,55.204032,40.030533,43.857774,0.221166,0.221166,0.584402,0.000236,0.785553,0.785553
1610.253823,50.789361,45.324059,65.477161,57.536286,0.221172,1.044534,0.584342,0.000236,0.785553,0.785553
1611.437141,5.591359,4.681346,11.157600,7.767208,1.044673,1.449360,0.584063,0.000236,0.785553,0.785553
1613.078855,3.352388,4.028499,5.737068,3.929680,1.440847,1.440847,0.583676,0.000236,0.785553,0.785553
1614.710628,6.948089,9.415742,5.729349,5.710322,0.763030,0.763030,0.583292,0.000235,0.785553,0.785553
1615.574609,7.719083,8.889428,9.123652,7.801288,0.727602,0.727602,0.583089,0.000235,0.785553,0.785553
1616.398395,6.744662,6.451746,11.121613,8.329821,0.727669,1.180375,0.582896,0.000235,0.785553,0.785553
1617.734685,6.699675,8.232024,7.386511,6.415674,0.709266,0.709266,0.582582,0.000235,0.785553,0.785553
1618.537518,6.710335,6.232580,11.492387,8.505169,0.709329,1.250184,0.582394,0.000234,0.785553,0.785553
1619.952501,6.392852,7.935690,7.071631,6.100958,0.726210,0.726210,0.582062,0.000234,0.785552,0.785552
1620.774311,6.522076,6.143411,11.131859,8.233453,0.726276,1.170478,0.581870,0.000234,0.785552,0.785552
1622.098752,5.656872,6.679596,7.413090,5.911666,0.776947,0.776947,0.581560,0.000234,0.785552,0.785552
1622.977768,5.770771,4.985899,11.243059,7.928010,0.777023,1.806911,0.581355,0.000234,0.785552,0.785552
1625.021857,7.138528,9.933883,5.271565,5.534917,0.853368,0.853368,0.580878,0.000233,0.785552,0.785552
1625.987020,19.969387,23.699855,16.181278,17.373992,0.365112,0.365112,0.580653,0.000233,0.785552,0.785552
1626.399919,19.685524,17.077021,28.967910,23.813911,0.365128,1.198694,0.580556,0.000233,0.785552,0.785552
1627.755441,5.771957,6.703560,7.760767,6.142515,0.848949,0.848949,0.580241,0.000233,0.785552,0.785552
1628.715317,6.462410,6.734195,9.828033,7.544162,0.834424,0.834424,0.580018,0.000232,0.785552,0.785552
1629.658669,5.829915,5.111194,11.265100,7.984859,0.834511,1.358909,0.579799,0.000232,0.785552,0.785552
1631.194815,3.558072,4.228314,6.118117,4.223082,1.359140,1.418617,0.579442,0.000232,0.785551,0.785551
1632.798184,8.704969,11.478762,6.893895,7.098864,0.632134,0.632134,0.579070,0.000232,0.785551,0.785551
1633.512517,7.941520,8.116383,11.556239,9.155567,0.632184,0.888809,0.578905,0.000232,0.785551,0.785551
1634.516823,5.681919,5.800844,9.427531,6.965235,0.888908,1.063482,0.578673,0.000231,0.785551,0.785551
1635.718366,4.603448,5.126366,7.514999,5.451682,1.063623,1.213472,0.578395,0.000231,0.785551,0.785551
1637.089190,6.667918,8.589581,6.652983,5.983979,0.801640,0.801640,0.578078,0.000231,0.785551,0.785551
1637.994644,10.490580,12.126732,11.082698,10.122110,0.535701,0.535701,0.577869,0.000231,0.785551,0.785551
1638.599658,11.336924,9.617968,19.016774,14.693946,0.535737,1.081699,0.577730,0.000231,0.785551,0.785551
1639.821236,4.572406,3.960154,9.932844,6.711725,1.081844,1.840819,0.577448,0.000230,0.785551,0.785551
1641.899819,11.156491,14.516222,8.120519,8.869349,0.522595,0.522595,0.576970,0.000230,0.785550,0.785550
1642.489780,9.237437,8.418375,15.065349,11.628174,0.522629,1.472571,0.576835,0.000230,0.785550,0.785550
1644.152066,13.308215,16.884518,9.811074,10.765749,0.497666,0.497666,0.576453,0.000229,0.785550,0.785550
1644.713746,11.593670,11.311773,16.313001,13.402146,0.497697,0.762047,0.576324,0.000229,0.785550,0.785550
1645.573760,7.554434,7.055266,12.755725,9.621292,0.762119,0.931458,0.576127,0.000229,0.785550,0.785550
1646.624867,5.351474,4.774043,10.737426,7.519074,0.931565,1.458564,0.575886,0.000229,0.785550,0.785550
1648.270598,5.996223,7.763461,6.369397,5.492061,0.751637,0.751637,0.575509,0.000229,0.785550,0.785550
1649.118535,6.025253,5.882014,10.509768,7.715577,0.751706,1.151095,0.575316,0.000229,0.785550,0.785550
1650.416989,4.343654,5.014603,7.089564,5.104695,1.151257,1.166553,0.575019,0.000228,0.785550,0.785550
1651.732693,5.612338,7.070861,6.670575,5.468444,0.832115,0.832115,0.574719,0.000228,0.785550,0.785550
1652.671066,5.316349,5.501320,9.135444,6.653650,0.832200,1.361172,0.574505,0.000228,0.785549,0.785549
1654.205897,13.939671,17.420297,10.636956,11.446693,0.461911,0.461911,0.574156,0.000228,0.785549,0.785549
1654.726652,12.461219,11.308081,19.213562,15.382011,0.461937,0.972319,0.574037,0.000227,0.785549,0.785549
1655.822776,5.600801,5.687329,9.677424,7.079919,0.972434,1.145729,0.573788,0.000227,0.785549,0.785549
1657.114236,14.492926,17.148524,12.985041,12.951618,0.401819,0.401819,0.573495,0.000227,0.785549,0.785549
1657.567101,18.481991,15.177449,30.001709,24.000375,0.401838,2.176502,0.573392,0.000227,0.785549,0.785549
1660.019980,7.557311,10.487437,5.454010,5.686143,0.745619,0.745619,0.572836,0.000226,0.785549,0.785549
1660.860057,7.401165,8.688041,8.900842,7.483208,0.745686,0.867080,0.572646,0.000226,0.785549,0.785549
1661.836893,12.051589,14.144125,11.791854,11.173781,0.479652,0.479652,0.572425,0.000226,0.785549,0.785549
1662.377203,13.280928,11.099170,22.442373,17.542490,0.479680,1.491537,0.572303,0.000226,0.785549,0.785549
